manipulability:
  k_yosh: 11.07244402441945
  k_world_y: 3.5175726447899898
  k_tool_z: 3.2555778107258502