# iy iz iroll Y Z Roll candidate quality planning_ratio q0 q1 q2 q3 q4 q5
0 0 0 -0.75000000 -0.05000000 -0.80000000 0 9.09231000 0.80000000 0.00000000 -0.01612920 0.87612235 -1.53121958 0.00000000 0.00000000
0 0 1 -0.75000000 -0.05000000 -0.59444400 0 9.10251000 0.80000000 0.00000000 -0.31080232 1.07953712 1.36125953 0.00000000 0.00000000
0 0 2 -0.75000000 -0.05000000 -0.38888900 0 11.10760000 1.00000000 0.00000000 -0.33692531 0.67970021 1.12846395 0.00000000 0.00000000
0 0 3 -0.75000000 -0.05000000 -0.18333300 0 10.09610000 0.90000000 0.00000000 -0.92340460 1.76011082 0.40011753 0.00000000 0.00000000
0 0 4 -0.75000000 -0.05000000 0.02222220 0 11.09860000 1.00000000 0.00000000 0.42017272 0.85676101 1.25557546 0.00000000 0.00000000
0 0 5 -0.75000000 -0.05000000 0.22777800 0 11.09850000 1.00000000 0.00000000 -0.56747030 1.76743633 0.45740277 0.00000000 0.00000000
0 0 6 -0.75000000 -0.05000000 0.43333300 0 11.08900000 1.00000000 0.00000000 -0.55901841 2.02212186 0.44702901 0.00000000 0.00000000
0 0 7 -0.75000000 -0.05000000 0.63888900 0 11.04240000 1.00000000 0.00000000 -0.53517492 2.10934833 0.60373691 0.00000000 0.00000000
0 0 8 -0.75000000 -0.05000000 0.84444400 0 11.09320000 1.00000000 0.00000000 -0.52302591 1.75342050 1.14700795 0.00000000 0.00000000
0 0 9 -0.75000000 -0.05000000 1.05000000 0 10.08090000 0.90000000 0.00000000 -0.54537988 1.75515799 1.17322082 0.00000000 0.00000000
0 1 0 -0.75000000 -0.00555556 -0.80000000 0 9.05531000 0.80000000 0.00000000 -0.33650784 0.90766303 0.87817806 0.00000000 0.00000000
0 1 1 -0.75000000 -0.00555556 -0.59444400 0 10.06550000 0.90000000 0.00000000 -0.38701529 1.79476162 0.09609826 0.00000000 0.00000000
0 1 2 -0.75000000 -0.00555556 -0.38888900 0 11.05880000 1.00000000 0.00000000 -0.30995964 1.84787897 0.12483840 0.00000000 0.00000000
0 1 3 -0.75000000 -0.00555556 -0.18333300 0 11.07650000 1.00000000 0.00000000 -1.03943068 1.98833128 1.11980089 0.00000000 0.00000000
0 1 4 -0.75000000 -0.00555556 0.02222220 0 11.07630000 1.00000000 0.00000000 -0.47981673 1.14600835 0.60691238 0.00000000 0.00000000
0 1 5 -0.75000000 -0.00555556 0.22777800 0 11.09800000 1.00000000 0.00000000 0.05301412 0.69611881 1.33104227 0.00000000 0.00000000
0 1 6 -0.75000000 -0.00555556 0.43333300 0 11.08740000 1.00000000 0.00000000 0.11423874 0.72200684 1.31165782 0.00000000 0.00000000
0 1 7 -0.75000000 -0.00555556 0.63888900 0 11.08950000 1.00000000 0.00000000 -0.49891194 1.30277437 0.57668233 0.00000000 0.00000000
0 1 8 -0.75000000 -0.00555556 0.84444400 0 11.08940000 1.00000000 0.00000000 -0.40645781 1.32377158 0.55171882 0.00000000 0.00000000
0 1 9 -0.75000000 -0.00555556 1.05000000 0 10.09670000 0.90000000 0.00000000 -0.94285126 1.93846923 -0.27697730 0.00000000 0.00000000
0 2 0 -0.75000000 0.03888890 -0.80000000 0 9.02594000 0.80000000 0.00000000 -0.43111131 1.75152798 0.00310274 0.00000000 0.00000000
0 2 1 -0.75000000 0.03888890 -0.59444400 0 9.03719000 0.80000000 0.00000000 -0.38289092 1.75910204 -0.00233960 0.00000000 0.00000000
0 2 2 -0.75000000 0.03888890 -0.38888900 0 9.06321000 0.80000000 0.00000000 0.50568350 0.55043630 0.99128707 0.00000000 0.00000000
0 2 3 -0.75000000 0.03888890 -0.18333300 0 10.07780000 0.90000000 0.00000000 -1.01198535 1.86765359 1.18842657 0.00000000 0.00000000
0 2 4 -0.75000000 0.03888890 0.02222220 0 11.07830000 1.00000000 0.00000000 -0.43521999 0.81592178 1.18342470 0.00000000 0.00000000
0 2 5 -0.75000000 0.03888890 0.22777800 0 11.08630000 1.00000000 0.00000000 -0.43672583 0.71103346 1.42540205 0.00000000 0.00000000
0 2 6 -0.75000000 0.03888890 0.43333300 0 11.08010000 1.00000000 0.00000000 -1.27151272 1.79055049 1.35503788 0.00000000 0.00000000
0 2 7 -0.75000000 0.03888890 0.63888900 0 11.10400000 1.00000000 0.00000000 -0.29734467 1.85040591 -1.22374900 0.00000000 0.00000000
0 2 8 -0.75000000 0.03888890 0.84444400 0 11.09660000 1.00000000 0.00000000 -0.64602856 1.67186424 -0.97485967 0.00000000 0.00000000
0 2 9 -0.75000000 0.03888890 1.05000000 0 11.10900000 1.00000000 0.00000000 -0.73224825 1.66662032 -0.89189300 0.00000000 0.00000000
0 3 0 -0.75000000 0.08333330 -0.80000000 0 6.09372000 0.50000000 0.00000000 0.09459401 1.54425561 0.40362310 0.00000000 0.00000000
0 3 1 -0.75000000 0.08333330 -0.59444400 0 9.06846000 0.80000000 0.00000000 -0.20912700 0.47979305 1.16396996 0.00000000 0.00000000
0 3 2 -0.75000000 0.08333330 -0.38888900 0 9.04880000 0.80000000 0.00000000 0.01550753 1.52352790 1.44270563 0.00000000 0.00000000
0 3 3 -0.75000000 0.08333330 -0.18333300 0 11.08820000 1.00000000 0.00000000 0.00417079 1.29267098 0.70854163 0.00000000 0.00000000
0 3 4 -0.75000000 0.08333330 0.02222220 0 11.04270000 1.00000000 0.00000000 -0.07008874 1.40693258 0.60868099 0.00000000 0.00000000
0 3 5 -0.75000000 0.08333330 0.22777800 0 11.09500000 1.00000000 0.00000000 -0.51632699 0.70073591 1.35741650 0.00000000 0.00000000
0 3 6 -0.75000000 0.08333330 0.43333300 0 11.10960000 1.00000000 0.00000000 -0.14069417 2.02293241 -0.68966293 0.00000000 0.00000000
0 3 7 -0.75000000 0.08333330 0.63888900 0 11.10000000 1.00000000 0.00000000 -1.05739112 1.22882209 0.86485946 0.00000000 0.00000000
0 3 8 -0.75000000 0.08333330 0.84444400 0 11.09850000 1.00000000 0.00000000 -0.64063916 1.69030539 -0.94397512 0.00000000 0.00000000
0 3 9 -0.75000000 0.08333330 1.05000000 0 11.09410000 1.00000000 0.00000000 -0.68902099 1.71860387 0.30337142 0.00000000 0.00000000
0 4 0 -0.75000000 0.12777800 -0.80000000 0 7.03384000 0.60000000 0.00000000 0.28559344 1.03760076 0.53121562 0.00000000 0.00000000
0 4 1 -0.75000000 0.12777800 -0.59444400 0 7.10914000 0.60000000 0.00000000 -0.21230087 0.50342675 1.22532362 0.00000000 0.00000000
0 4 2 -0.75000000 0.12777800 -0.38888900 0 10.10490000 0.90000000 0.00000000 -0.16276723 0.50716046 1.11346165 0.00000000 0.00000000
0 4 3 -0.75000000 0.12777800 -0.18333300 0 10.02390000 0.90000000 0.00000000 -0.00769471 1.31789220 0.63010621 0.00000000 0.00000000
0 4 4 -0.75000000 0.12777800 0.02222220 0 11.06920000 1.00000000 0.00000000 -0.14199770 1.41739321 0.50724212 0.00000000 0.00000000
0 4 5 -0.75000000 0.12777800 0.22777800 0 11.09770000 1.00000000 0.00000000 0.02982839 1.36817021 0.45825936 0.00000000 0.00000000
0 4 6 -0.75000000 0.12777800 0.43333300 0 11.11670000 1.00000000 0.00000000 -0.60561473 0.72823205 1.30570720 0.00000000 0.00000000
0 4 7 -0.75000000 0.12777800 0.63888900 0 11.09890000 1.00000000 0.00000000 -1.04757140 1.61311603 1.40591051 0.00000000 0.00000000
0 4 8 -0.75000000 0.12777800 0.84444400 0 11.10500000 1.00000000 0.00000000 -0.84607532 1.60632727 0.68316525 0.00000000 0.00000000
0 4 9 -0.75000000 0.12777800 1.05000000 0 11.09430000 1.00000000 0.00000000 -0.65339379 1.29835158 0.23753375 0.00000000 0.00000000
0 5 0 -0.75000000 0.17222200 -0.80000000 0 7.08430000 0.60000000 0.00000000 0.51015238 0.29768571 1.63875104 0.00000000 0.00000000
0 5 1 -0.75000000 0.17222200 -0.59444400 0 7.08434000 0.60000000 0.00000000 0.26239263 1.42908138 0.42493837 0.00000000 0.00000000
0 5 2 -0.75000000 0.17222200 -0.38888900 0 10.04460000 0.90000000 0.00000000 0.32592976 1.40953870 0.15341592 0.00000000 0.00000000
0 5 3 -0.75000000 0.17222200 -0.18333300 0 11.05800000 1.00000000 0.00000000 0.23911373 1.36496432 -0.00174889 0.00000000 0.00000000
0 5 4 -0.75000000 0.17222200 0.02222220 0 10.08100000 0.90000000 0.00000000 -0.20181615 1.32037753 0.60259177 0.00000000 0.00000000
0 5 5 -0.75000000 0.17222200 0.22777800 0 11.08950000 1.00000000 0.00000000 -1.16695689 2.11847609 -1.28693866 0.00000000 0.00000000
0 5 6 -0.75000000 0.17222200 0.43333300 0 11.09880000 1.00000000 0.00000000 0.05311496 1.57108728 -0.03373015 0.00000000 0.00000000
0 5 7 -0.75000000 0.17222200 0.63888900 0 11.11200000 1.00000000 0.00000000 -0.59589632 0.65650169 1.36107449 0.00000000 0.00000000
0 5 8 -0.75000000 0.17222200 0.84444400 0 11.09540000 1.00000000 0.00000000 -0.63940172 0.65458156 1.33935810 0.00000000 0.00000000
0 5 9 -0.75000000 0.17222200 1.05000000 0 11.10630000 1.00000000 0.00000000 -0.63420254 1.32721533 0.13318391 0.00000000 0.00000000
0 6 0 -0.75000000 0.21666700 -0.80000000 0 5.08924000 0.40000000 0.00000000 -0.04278586 1.29880076 -0.14633064 0.00000000 0.00000000
0 6 1 -0.75000000 0.21666700 -0.59444400 0 7.06612000 0.60000000 0.00000000 0.20725273 1.26522310 0.15856061 0.00000000 0.00000000
0 6 2 -0.75000000 0.21666700 -0.38888900 0 8.09697000 0.70000000 0.00000000 0.30020230 1.23082001 0.09300473 0.00000000 0.00000000
0 6 3 -0.75000000 0.21666700 -0.18333300 0 10.01160000 0.90000000 0.00000000 -0.77617307 1.46635720 1.24269695 0.00000000 0.00000000
0 6 4 -0.75000000 0.21666700 0.02222220 0 11.07130000 1.00000000 0.00000000 -0.92172743 1.40058041 1.08089293 0.00000000 0.00000000
0 6 5 -0.75000000 0.21666700 0.22777800 0 11.04990000 1.00000000 0.00000000 -0.00740942 1.95296269 -0.47249104 0.00000000 0.00000000
0 6 6 -0.75000000 0.21666700 0.43333300 0 11.11860000 1.00000000 0.00000000 -1.08259838 2.10270856 -1.07744582 0.00000000 0.00000000
0 6 7 -0.75000000 0.21666700 0.63888900 0 11.09800000 1.00000000 0.00000000 -0.32490256 1.15191761 -0.18682901 0.00000000 0.00000000
0 6 8 -0.75000000 0.21666700 0.84444400 0 11.10470000 1.00000000 0.00000000 -0.62416383 0.60513751 1.37688773 0.00000000 0.00000000
0 6 9 -0.75000000 0.21666700 1.05000000 0 11.10910000 1.00000000 0.00000000 -0.68063324 0.62226133 1.36297981 0.00000000 0.00000000
0 7 0 -0.75000000 0.26111100 -0.80000000 0 5.08290000 0.40000000 0.00000000 0.05096142 1.03956166 0.34908772 0.00000000 0.00000000
0 7 1 -0.75000000 0.26111100 -0.59444400 0 6.10205000 0.50000000 0.00000000 0.06617888 1.06347875 0.34962976 0.00000000 0.00000000
0 7 2 -0.75000000 0.26111100 -0.38888900 0 9.10207000 0.80000000 0.00000000 -0.21718654 1.78891842 0.15795566 0.00000000 0.00000000
0 7 3 -0.75000000 0.26111100 -0.18333300 0 10.06580000 0.90000000 0.00000000 -0.01619531 1.57416574 0.96550071 0.00000000 0.00000000
0 7 4 -0.75000000 0.26111100 0.02222220 0 11.03990000 1.00000000 0.00000000 -0.96162015 1.51598831 1.12444603 0.00000000 0.00000000
0 7 5 -0.75000000 0.26111100 0.22777800 0 11.08050000 1.00000000 0.00000000 -0.91896225 1.62878393 1.10294957 0.00000000 0.00000000
0 7 6 -0.75000000 0.26111100 0.43333300 0 11.01010000 1.00000000 0.00000000 -0.33765577 1.21346596 -0.25198493 0.00000000 0.00000000
0 7 7 -0.75000000 0.26111100 0.63888900 0 11.10350000 1.00000000 0.00000000 -0.29587406 1.12201545 -0.17970094 0.00000000 0.00000000
0 7 8 -0.75000000 0.26111100 0.84444400 0 11.09750000 1.00000000 0.00000000 -0.29399391 1.06573786 -0.21387554 0.00000000 0.00000000
0 7 9 -0.75000000 0.26111100 1.05000000 0 11.10130000 1.00000000 0.00000000 -0.66367191 0.62743250 1.35504553 0.00000000 0.00000000
0 8 0 -0.75000000 0.30555600 -0.80000000 0 4.08940000 0.30000000 0.00000000 0.16259001 1.00856001 0.52291765 0.00000000 0.00000000
0 8 1 -0.75000000 0.30555600 -0.59444400 0 5.09186000 0.40000000 0.00000000 0.16903620 0.95670935 0.60186689 0.00000000 0.00000000
0 8 2 -0.75000000 0.30555600 -0.38888900 0 7.06711000 0.60000000 0.00000000 -0.13619042 1.72723531 0.24727918 0.00000000 0.00000000
0 8 3 -0.75000000 0.30555600 -0.18333300 0 8.08962000 0.70000000 0.00000000 0.01611568 1.65685163 0.86208700 0.00000000 0.00000000
0 8 4 -0.75000000 0.30555600 0.02222220 0 10.10130000 0.90000000 0.00000000 -0.10707298 1.02788732 0.23945866 0.00000000 0.00000000
0 8 5 -0.75000000 0.30555600 0.22777800 0 11.03220000 1.00000000 0.00000000 -0.75285351 2.03491537 1.04437040 0.00000000 0.00000000
0 8 6 -0.75000000 0.30555600 0.43333300 0 11.11410000 1.00000000 0.00000000 -0.55326520 1.41890786 0.79433796 0.00000000 0.00000000
0 8 7 -0.75000000 0.30555600 0.63888900 0 11.09600000 1.00000000 0.00000000 -0.22202956 1.05601486 -0.11875224 0.00000000 0.00000000
0 8 8 -0.75000000 0.30555600 0.84444400 0 11.11330000 1.00000000 0.00000000 -1.26433476 1.35853424 0.68854512 0.00000000 0.00000000
0 8 9 -0.75000000 0.30555600 1.05000000 0 11.12010000 1.00000000 0.00000000 -0.62700064 0.75857414 1.12422783 0.00000000 0.00000000
0 9 0 -0.75000000 0.35000000 -0.80000000 0 5.02739000 0.40000000 0.00000000 0.57700334 1.38076952 1.02618986 0.00000000 0.00000000
0 9 1 -0.75000000 0.35000000 -0.59444400 0 4.04621000 0.30000000 0.00000000 0.33237529 0.97595684 0.76799317 0.00000000 0.00000000
0 9 2 -0.75000000 0.35000000 -0.38888900 0 6.07122000 0.50000000 0.00000000 0.55630881 0.91167247 0.64827661 0.00000000 0.00000000
0 9 3 -0.75000000 0.35000000 -0.18333300 0 7.06318000 0.60000000 0.00000000 -0.17748055 1.64729323 0.33606151 0.00000000 0.00000000
0 9 4 -0.75000000 0.35000000 0.02222220 0 8.10147000 0.70000000 0.00000000 -0.36331422 1.76561294 0.38884255 0.00000000 0.00000000
0 9 5 -0.75000000 0.35000000 0.22777800 0 10.06020000 0.90000000 0.00000000 -0.51908869 1.47387507 0.56178199 0.00000000 0.00000000
0 9 6 -0.75000000 0.35000000 0.43333300 0 10.07220000 0.90000000 0.00000000 -0.57491804 1.39828228 0.71642642 0.00000000 0.00000000
0 9 7 -0.75000000 0.35000000 0.63888900 0 11.10370000 1.00000000 0.00000000 0.02486443 0.58365810 0.63866439 0.00000000 0.00000000
0 9 8 -0.75000000 0.35000000 0.84444400 0 11.05930000 1.00000000 0.00000000 -0.01113095 0.57020310 0.60841364 0.00000000 0.00000000
0 9 9 -0.75000000 0.35000000 1.05000000 0 11.10960000 1.00000000 0.00000000 -1.21647139 1.29910309 0.76187067 0.00000000 0.00000000
