# iy iz iroll Y Z Roll candidate quality q0 q1 q2 q3 q4 q5 mode
0 0 0 -0.75000000 -0.05000000 -0.80000000 -1 1.13645763 0.70000000 -0.00000000 -0.32269371 1.43347146 0.92873400 0.00000000 0
0 0 1 -0.75000000 -0.05000000 -0.59444400 -1 1.54026422 0.80000000 -0.00000000 -0.31815186 1.43229026 -1.14552000 0.00000000 0
0 0 2 -0.75000000 -0.05000000 -0.38888900 -1 1.67747361 0.80000000 -0.00000000 -0.29123629 1.44638464 0.76298100 0.00000000 0
0 0 3 -0.75000000 -0.05000000 -0.18333300 -1 1.64565968 1.00000000 -0.00000001 -0.24763829 1.47247505 1.64032000 0.00000000 0
0 0 4 -0.75000000 -0.05000000 0.02222220 -1 1.44940273 1.00000000 -0.00000001 -0.22061186 1.48918818 -0.19841000 0.00000000 0
0 0 5 -0.75000000 -0.05000000 0.22777800 -1 1.08640727 1.00000000 -0.00000000 -0.23744476 1.46718726 0.11184600 0.00000000 0
0 0 6 -0.75000000 -0.05000000 0.43333300 -1 0.83677546 1.00000000 -0.00000000 -0.38782903 1.35537122 0.62419900 0.00000000 0
0 0 7 -0.75000000 -0.05000000 0.63888900 -1 0.98203078 1.00000000 -0.00000000 -0.50049292 1.22591038 1.03919000 0.00000000 0
0 0 8 -0.75000000 -0.05000000 0.84444400 -1 1.17087046 1.00000000 -0.00000000 -0.48847776 1.17182270 1.45881000 0.00000000 0
0 0 9 -0.75000000 -0.05000000 1.05000000 -1 1.09512859 0.90000000 -0.00000001 -0.47040733 1.15432679 1.66022000 0.00000000 0
0 1 0 -0.75000000 -0.00555556 -0.80000000 -1 1.15952808 0.60000000 -0.00000001 -0.29828524 1.41684882 0.25568900 0.00000000 0
0 1 1 -0.75000000 -0.00555556 -0.59444400 -1 1.59938474 0.70000000 0.00000000 -0.30242623 1.41817242 0.73041500 0.00000000 0
0 1 2 -0.75000000 -0.00555556 -0.38888900 -1 1.87166012 0.80000000 -0.00000001 -0.28788433 1.43826527 1.38258000 0.00000000 0
0 1 3 -0.75000000 -0.00555556 -0.18333300 -1 2.01111649 0.90000000 -0.00000000 -0.26573679 1.45784040 -0.12783100 0.00000000 0
0 1 4 -0.75000000 -0.00555556 0.02222220 -1 1.90538859 1.00000000 0.00000000 -0.25700223 1.46114127 0.49445800 0.00000000 0
0 1 5 -0.75000000 -0.00555556 0.22777800 -1 1.54589007 1.00000000 -0.00000000 -0.28191703 1.43634916 -0.72203300 0.00000000 0
0 1 6 -0.75000000 -0.00555556 0.43333300 -1 1.25235785 1.00000000 -0.00000000 -0.38158762 1.36802723 0.70433500 0.00000000 0
0 1 7 -0.75000000 -0.00555556 0.63888900 -1 1.32582977 1.00000000 0.00000000 -0.49104870 1.25853993 0.22736400 0.00000000 0
0 1 8 -0.75000000 -0.00555556 0.84444400 -1 1.47199855 1.00000000 -0.00000001 -0.48886934 1.19349992 1.41463000 0.00000000 0
0 1 9 -0.75000000 -0.00555556 1.05000000 -1 1.33680390 0.90000000 -0.00000000 -0.46904139 1.16166084 1.52604000 0.00000000 0
0 2 0 -0.75000000 0.03888890 -0.80000000 -1 1.13756750 0.60000000 -0.00000001 0.37968068 1.81012467 1.05317000 0.00000000 0
0 2 1 -0.75000000 0.03888890 -0.59444400 -1 1.67502908 0.60000000 -0.00000000 0.33585678 1.81730409 -1.34507000 0.00000000 0
0 2 2 -0.75000000 0.03888890 -0.38888900 -1 1.81252439 0.90000000 0.00000000 0.28670669 1.81303295 -1.55904000 0.00000000 0
0 2 3 -0.75000000 0.03888890 -0.18333300 -1 1.84831276 0.80000000 -0.00000000 -0.28777086 1.43697085 -0.38494700 0.00000000 0
0 2 4 -0.75000000 0.03888890 0.02222220 -1 1.90455289 1.00000000 0.00000000 -0.28902183 1.43539717 1.72258000 0.00000000 0
0 2 5 -0.75000000 0.03888890 0.22777800 -1 1.68682070 1.00000000 0.00000001 -0.30884189 1.41970422 0.14881200 0.00000000 0
0 2 6 -0.75000000 0.03888890 0.43333300 -1 1.44600478 1.00000000 0.00000000 -0.38160812 1.37833395 0.97005600 0.00000000 0
0 2 7 -0.75000000 0.03888890 0.63888900 -1 1.44122880 1.00000000 -0.00000000 -0.48870398 1.28516808 1.57581000 0.00000000 0
0 2 8 -0.75000000 0.03888890 0.84444400 -1 1.46078309 1.00000000 -0.00000000 -0.49556655 1.21625534 0.77721200 0.00000000 0
0 2 9 -0.75000000 0.03888890 1.05000000 -1 1.24855338 0.90000000 -0.00000000 -0.47106250 1.16624659 0.58489700 0.00000000 0
0 3 0 -0.75000000 0.08333330 -0.80000000 -1 1.33479711 0.50000000 -0.00000000 0.43892850 1.80362487 1.49019000 0.00000000 0
0 3 1 -0.75000000 0.08333330 -0.59444400 -1 1.83790844 0.70000000 -0.00000000 0.39419478 1.82957015 0.29559800 0.00000000 0
0 3 2 -0.75000000 0.08333330 -0.38888900 -1 1.86610484 0.80000000 0.00000003 0.34955320 1.83993135 -1.36681000 0.00000000 0
0 3 3 -0.75000000 0.08333330 -0.18333300 -1 1.43941807 1.00000000 -0.00000001 0.27655564 1.82559034 -1.34585000 0.00000000 0
0 3 4 -0.75000000 0.08333330 0.02222220 -1 1.48880240 1.00000000 -0.00000001 -0.30558990 1.42282510 -0.01717960 0.00000000 0
0 3 5 -0.75000000 0.08333330 0.22777800 -1 1.44656567 1.00000000 -0.00000000 -0.31878214 1.42034962 -0.96727700 0.00000000 0
0 3 6 -0.75000000 0.08333330 0.43333300 -1 1.35246660 1.00000000 -0.00000001 -0.38496337 1.39549611 1.72665000 0.00000000 0
0 3 7 -0.75000000 0.08333330 0.63888900 -1 1.34176326 1.00000000 -0.00000000 -0.49971270 1.30929216 -0.31504900 0.00000000 0
0 3 8 -0.75000000 0.08333330 0.84444400 -1 1.25123985 1.00000000 -0.00000001 -0.51882784 1.24338108 1.24002000 0.00000000 0
0 3 9 -0.75000000 0.08333330 1.05000000 -1 0.99571917 1.00000000 -0.00000001 -1.22653019 1.96873588 1.57453000 0.00000000 0
0 4 0 -0.75000000 0.12777800 -0.80000000 -1 1.21011262 0.50000000 -0.00000001 0.50425126 1.76255879 -0.79347400 0.00000000 0
0 4 1 -0.75000000 0.12777800 -0.59444400 -1 1.51129270 0.40000000 -0.00000000 0.44936690 1.80753512 0.72679100 0.00000000 0
0 4 2 -0.75000000 0.12777800 -0.38888900 -1 1.54737082 0.70000000 -0.00000000 -0.48097352 2.06302533 1.48595000 0.00000000 0
0 4 3 -0.75000000 0.12777800 -0.18333300 -1 1.37716592 0.80000000 -0.00000000 0.65271317 0.79223776 0.17263000 0.00000000 0
0 4 4 -0.75000000 0.12777800 0.02222220 -1 1.52332746 0.90000000 -0.00000000 0.61452177 0.75485788 0.88933100 0.00000000 0
0 4 5 -0.75000000 0.12777800 0.22777800 -1 1.39536795 1.00000000 -0.00000000 0.56712521 0.73461741 0.85433500 0.00000000 0
0 4 6 -0.75000000 0.12777800 0.43333300 -1 1.20817094 1.00000000 -0.00000000 -1.02008880 2.19452463 1.50276000 0.00000000 0
0 4 7 -0.75000000 0.12777800 0.63888900 -1 1.21887113 1.00000000 -0.00000000 -1.00357867 2.14087416 0.30609200 0.00000000 0
0 4 8 -0.75000000 0.12777800 0.84444400 -1 1.24422017 1.00000000 -0.00000000 -1.28284820 1.97116510 1.15823000 0.00000000 0
0 4 9 -0.75000000 0.12777800 1.05000000 -1 1.06869018 1.00000000 -0.00000000 -1.27867805 1.94606181 0.66477100 0.00000000 0
0 5 0 -0.75000000 0.17222200 -0.80000000 -1 1.45406214 0.60000000 0.00000000 -0.29945602 2.13851254 0.21984400 0.00000000 0
0 5 1 -0.75000000 0.17222200 -0.59444400 -1 1.76497288 0.50000000 -0.00000001 -0.40450905 2.09785677 0.98143600 0.00000000 0
0 5 2 -0.75000000 0.17222200 -0.38888900 -1 1.84351341 0.90000000 -0.00000000 -0.47474479 2.07304299 -0.84521900 0.00000000 0
0 5 3 -0.75000000 0.17222200 -0.18333300 -1 1.62557965 0.80000000 -0.00000000 -0.64772332 2.11523967 1.51500000 0.00000000 0
0 5 4 -0.75000000 0.17222200 0.02222220 -1 1.57971904 0.80000000 0.00000000 -0.82838841 2.17762573 -1.25795000 0.00000000 0
0 5 5 -0.75000000 0.17222200 0.22777800 -1 1.46503250 1.00000000 -0.00000001 0.55110100 0.75280189 1.42065000 0.00000000 0
0 5 6 -0.75000000 0.17222200 0.43333300 -1 1.23711330 1.00000000 -0.00000001 -0.96037441 2.16515135 1.04896000 0.00000000 0
0 5 7 -0.75000000 0.17222200 0.63888900 -1 1.15529090 1.00000000 -0.00000000 -0.98148890 2.08019562 -0.67719600 0.00000000 0
0 5 8 -0.75000000 0.17222200 0.84444400 -1 1.16374651 1.00000000 -0.00000000 -1.27820570 1.93574859 -1.01227000 0.00000000 0
0 5 9 -0.75000000 0.17222200 1.05000000 -1 0.99564131 1.00000000 -0.00000000 -1.27148142 1.90962343 -1.72311000 0.00000000 0
0 6 0 -0.75000000 0.21666700 -0.80000000 -1 1.51778208 0.40000000 -0.00000000 -0.19383995 2.13507338 0.08963510 0.00000000 0
0 6 1 -0.75000000 0.21666700 -0.59444400 -1 1.62579838 0.40000000 -0.00000001 -0.31234649 2.10333525 1.19387000 0.00000000 0
0 6 2 -0.75000000 0.21666700 -0.38888900 -1 1.64872436 0.60000000 0.00000000 -0.46879350 2.07921529 0.23282000 0.00000000 0
0 6 3 -0.75000000 0.21666700 -0.18333300 -1 1.71573897 0.90000000 -0.00000001 -0.75435998 2.17773044 1.39867000 0.00000000 0
0 6 4 -0.75000000 0.21666700 0.02222220 -1 1.67113284 0.80000000 -0.00000000 -0.81367036 2.18781233 0.66194900 0.00000000 0
0 6 5 -0.75000000 0.21666700 0.22777800 -1 1.39238199 0.90000000 -0.00000001 -0.86632622 2.17955557 1.61965000 0.00000000 0
0 6 6 -0.75000000 0.21666700 0.43333300 -1 1.16063814 1.00000000 -0.00000001 -0.94219322 2.15214869 -0.70021100 0.00000000 0
0 6 7 -0.75000000 0.21666700 0.63888900 -1 1.05138297 1.00000000 0.00000000 0.03370814 0.94214310 0.50868000 0.00000000 0
0 6 8 -0.75000000 0.21666700 0.84444400 -1 1.04681740 1.00000000 -0.00000000 -0.94708246 1.67639126 -1.14339000 0.00000000 0
0 6 9 -0.75000000 0.21666700 1.05000000 -1 0.94602811 1.00000000 -0.00000000 -0.99418463 1.64081177 0.63719500 0.00000000 0
0 7 0 -0.75000000 0.26111100 -0.80000000 -1 1.50834155 0.40000000 -0.00000000 -0.10556734 2.12038553 0.41763200 0.00000000 0
0 7 1 -0.75000000 0.26111100 -0.59444400 -1 1.55664132 0.40000000 0.00000000 -0.11769742 2.09082342 0.35539900 0.00000000 0
0 7 2 -0.75000000 0.26111100 -0.38888900 -1 1.49882886 0.60000000 -0.00000000 0.30388076 1.27146041 1.15677000 0.00000000 0
0 7 3 -0.75000000 0.26111100 -0.18333300 -1 1.59396516 0.90000000 -0.00000001 0.18076326 1.58023890 0.48445700 0.00000000 0
0 7 4 -0.75000000 0.26111100 0.02222220 -1 1.45307563 0.70000000 -0.00000000 0.18286541 1.50607302 -1.62558000 0.00000000 0
0 7 5 -0.75000000 0.26111100 0.22777800 -1 1.26013885 0.80000000 -0.00000000 0.19362080 1.07706336 0.78177600 0.00000000 0
0 7 6 -0.75000000 0.26111100 0.43333300 -1 1.35086750 0.90000000 -0.00000000 0.14338365 0.96148304 0.32412300 0.00000000 0
0 7 7 -0.75000000 0.26111100 0.63888900 -1 1.27751282 1.00000000 -0.00000000 0.05967544 0.93760282 0.05367640 0.00000000 0
0 7 8 -0.75000000 0.26111100 0.84444400 -1 1.20860911 1.00000000 -0.00000000 -0.05031766 0.85323194 0.25149800 0.00000000 0
0 7 9 -0.75000000 0.26111100 1.05000000 -1 1.05564044 1.00000000 -0.00000000 -0.08330461 0.80861168 -1.03266000 0.00000000 0
0 8 0 -0.75000000 0.30555600 -0.80000000 -1 1.34147860 0.40000000 -0.00000000 -0.06152563 2.10710754 1.07779000 0.00000000 0
0 8 1 -0.75000000 0.30555600 -0.59444400 -1 1.56534240 0.50000000 -0.00000000 0.39769236 1.24328599 -0.26705600 0.00000000 0
0 8 2 -0.75000000 0.30555600 -0.38888900 -1 1.51063012 0.50000000 -0.00000000 -0.07129676 1.95563827 1.61408000 0.00000000 0
0 8 3 -0.75000000 0.30555600 -0.18333300 -1 1.55054635 0.70000000 -0.00000000 -0.05230053 1.84963405 -1.33981000 0.00000000 0
0 8 4 -0.75000000 0.30555600 0.02222220 -1 1.37373107 0.70000000 -0.00000000 -0.04930568 1.79968715 0.20620300 0.00000000 0
0 8 5 -0.75000000 0.30555600 0.22777800 -1 1.20970479 0.80000000 -0.00000000 0.16820128 0.97507491 0.51318200 0.00000000 0
0 8 6 -0.75000000 0.30555600 0.43333300 -1 1.31381300 0.90000000 -0.00000000 0.14442025 0.95497331 1.65082000 0.00000000 0
0 8 7 -0.75000000 0.30555600 0.63888900 -1 1.22892578 0.90000000 -0.00000001 0.06938864 0.93976206 1.50373000 0.00000000 0
0 8 8 -0.75000000 0.30555600 0.84444400 -1 1.16867903 1.00000000 -0.00000000 -0.03807758 0.88572017 0.87818200 0.00000000 0
0 8 9 -0.75000000 0.30555600 1.05000000 -1 1.03176173 1.00000000 -0.00000000 -0.06783757 0.83110825 -0.66208900 0.00000000 0
0 9 0 -0.75000000 0.35000000 -0.80000000 -1 1.06623391 0.20000000 -0.00000000 0.44545878 1.25228004 1.09500000 0.00000000 0
0 9 1 -0.75000000 0.35000000 -0.59444400 -1 1.22685761 0.30000000 -0.00000000 0.41012958 1.24333116 0.29484500 0.00000000 0
0 9 2 -0.75000000 0.35000000 -0.38888900 -1 1.30021351 0.40000000 0.00000000 -0.06641286 1.94182659 0.84320400 0.00000000 0
0 9 3 -0.75000000 0.35000000 -0.18333300 -1 1.36924714 0.60000000 -0.00000000 -0.08685899 1.87627714 1.03395000 0.00000000 0
0 9 4 -0.75000000 0.35000000 0.02222220 -1 1.22635327 0.80000000 -0.00000000 -0.12359476 1.84979137 0.77356300 0.00000000 0
0 9 5 -0.75000000 0.35000000 0.22777800 -1 0.99609143 0.80000000 -0.00000000 -0.28471342 1.84317859 -0.76039300 0.00000000 0
0 9 6 -0.75000000 0.35000000 0.43333300 -1 0.96640170 0.80000000 -0.00000000 0.14231020 0.94410039 0.14611800 0.00000000 0
0 9 7 -0.75000000 0.35000000 0.63888900 -1 0.94265707 0.90000000 -0.00000000 -0.61786758 2.05686422 -1.66716000 0.00000000 0
0 9 8 -0.75000000 0.35000000 0.84444400 -1 0.85956198 0.90000000 -0.00000000 -0.03343193 0.90045573 0.14215700 0.00000000 0
0 9 9 -0.75000000 0.35000000 1.05000000 -1 0.76755664 0.90000000 -0.00000001 -0.05588153 0.85097379 0.54592400 0.00000000 0
