# Y Z ROLL candidate quality planning q0 q1 q2 q3 q4 q5
-0.75 -0.05 -0.8 4 8.08222 0.7 0 -0.10052 1.2239 0.887049 0 0
-0.75 -0.05 -0.594444 0 9.10251 0.8 0 -0.57205 0.559219 0.932422 0 0
-0.75 -0.05 -0.388889 0 11.1076 1 0 -0.681919 0.132417 0.908837 0 0
-0.75 -0.05 -0.183333 0 10.0961 0.9 0 0.107556 0.881763 0.835184 0 0
-0.75 -0.05 0.0222222 2 11.0739 1 0 0.465648 0.864172 1.36133 0 0
-0.75 -0.05 0.227778 3 11.0907 1 0 0.298076 0.732197 1.34574 0 0
-0.75 -0.05 0.433333 2 11.0822 1 0 -1.02971 0.860557 1.70497 0 0
-0.75 -0.05 0.638889 9 10.0837 0.9 0 -0.053126 1.01991 1.53811 0 0
-0.75 -0.05 0.844444 5 11.0602 1 0 -0.486321 1.57545 1.18018 0 0
-0.75 -0.05 1.05 2 10.0542 0.9 0 -0.62562 1.64162 1.30157 0 0
-0.75 -0.00555556 -0.8 0 9.05531 0.8 0 0.478007 1.45437 -0.203832 0 0
-0.75 -0.00555556 -0.594444 1 10.0622 0.9 0 -0.446264 1.77907 0.087393 0 0
-0.75 -0.00555556 -0.388889 0 11.0588 1 0 -0.0368694 1.84392 0.0838034 0 0
-0.75 -0.00555556 -0.183333 4 10.0566 0.9 0 0.409953 1.52945 0.378738 0 0
-0.75 -0.00555556 0.0222222 1 11.0523 1 0 0.442992 1.36565 1.57543 0 0
-0.75 -0.00555556 0.227778 0 11.098 1 0 -0.0687285 0.580033 1.45221 0 0
-0.75 -0.00555556 0.433333 0 11.0874 1 0 0.124002 0.889632 1.60272 0 0
-0.75 -0.00555556 0.638889 8 10.0927 0.9 0 0.339155 0.618899 1.1795 0 0
-0.75 -0.00555556 0.844444 9 10.0851 0.9 0 -0.505908 1.04187 1.26827 0 0
-0.75 -0.00555556 1.05 0 10.0967 0.9 0 -0.113531 0.828091 0.958577 0 0
-0.75 0.0388889 -0.8 0 9.02594 0.8 0 0.481163 1.91928 0.109046 0 0
-0.75 0.0388889 -0.594444 4 8.07108 0.7 0 0.128784 1.55792 0.544014 0 0
-0.75 0.0388889 -0.388889 0 9.06321 0.8 0 0.14328 1.45192 1.57813 0 0
-0.75 0.0388889 -0.183333 1 10.0596 0.9 0 -0.349943 1.53942 1.44912 0 0
-0.75 0.0388889 0.0222222 5 10.0888 0.9 0 -0.460998 0.940163 1.28783 0 0
-0.75 0.0388889 0.227778 0 11.0863 1 0 -0.621725 0.832509 1.68989 0 0
-0.75 0.0388889 0.433333 0 11.0801 1 0 0.486691 0.456977 1.51 0 0
-0.75 0.0388889 0.638889 0 11.104 1 0 0.192258 0.368192 1.25206 0 0
-0.75 0.0388889 0.844444 0 11.0966 1 0 -0.250481 0.607938 1.49274 0 0
-0.75 0.0388889 1.05 0 11.109 1 0 -0.545957 0.742391 0.465805 0 0
-0.75 0.0833333 -0.8 0 6.09372 0.5 0 -0.227025 1.21352 0.419946 0 0
-0.75 0.0833333 -0.594444 0 9.06846 0.8 0 0.127952 1.61944 0.273786 0 0
-0.75 0.0833333 -0.388889 0 9.0488 0.8 0 -0.537991 1.77194 1.06849 0 0
-0.75 0.0833333 -0.183333 0 11.0882 1 0 -0.00933536 1.19444 0.738001 0 0
-0.75 0.0833333 0.0222222 4 10.0769 0.9 0 0.026636 1.51287 0.632341 0 0
-0.75 0.0833333 0.227778 1 11.089 1 0 -0.0622841 1.33646 -0.0739732 0 0
-0.75 0.0833333 0.433333 0 11.1096 1 0 -0.0879556 0.814021 0.310535 0 0
-0.75 0.0833333 0.638889 1 11.0917 1 0 -0.199267 1.24834 0.488173 0 0
-0.75 0.0833333 0.844444 2 11.0942 1 0 -0.739474 1.15357 0.19079 0 0
-0.75 0.0833333 1.05 0 11.0941 1 0 -0.644984 1.17788 -0.069613 0 0
-0.75 0.127778 -0.8 1 6.08883 0.5 0 0.288899 1.03843 0.276808 0 0
-0.75 0.127778 -0.594444 0 7.10914 0.6 0 0.057207 0.737156 0.544715 0 0
-0.75 0.127778 -0.388889 0 10.1049 0.9 0 -0.0990432 0.448897 1.05566 0 0
-0.75 0.127778 -0.183333 2 9.08561 0.8 0 0.0508305 1.37012 0.186812 0 0
-0.75 0.127778 0.0222222 0 11.0692 1 0 -0.134876 1.68635 0.0304994 0 0
-0.75 0.127778 0.227778 2 11.0802 1 0 0.100509 1.41904 0.53208 0 0
-0.75 0.127778 0.433333 1 11.0925 1 0 -0.572429 0.796202 1.33053 0 0
-0.75 0.127778 0.638889 3 11.0914 1 0 -0.777246 0.923328 0.916483 0 0
-0.75 0.127778 0.844444 3 11.0758 1 0 -0.910657 1.40297 0.72534 0 0
-0.75 0.127778 1.05 1 11.0848 1 0 -0.639515 1.36694 0.284448 0 0
-0.75 0.172222 -0.8 6 5.09201 0.4 0 -0.121616 1.27157 -0.145495 0 0
-0.75 0.172222 -0.594444 0 7.08434 0.6 0 -0.322036 1.36595 -0.740202 0 0
-0.75 0.172222 -0.388889 0 10.0446 0.9 0 0.452427 1.68056 0.0969873 0 0
-0.75 0.172222 -0.183333 8 9.06503 0.8 0 -0.402434 1.71702 0.544274 0 0
-0.75 0.172222 0.0222222 0 10.081 0.9 0 -0.48822 1.43307 0.592662 0 0
-0.75 0.172222 0.227778 0 11.0895 1 0 -0.141037 1.32163 -0.152642 0 0
-0.75 0.172222 0.433333 0 11.0988 1 0 -0.493035 0.596249 1.26151 0 0
-0.75 0.172222 0.638889 2 11.0966 1 0 -0.74008 0.626151 1.27802 0 0
-0.75 0.172222 0.844444 3 11.0902 1 0 -0.734801 1.24655 -0.0615955 0 0
-0.75 0.172222 1.05 7 11.0867 1 0 -0.387553 1.35188 0.341331 0 0
-0.75 0.216667 -0.8 0 5.08924 0.4 0 -0.149419 1.3205 -0.258067 0 0
-0.75 0.216667 -0.594444 6 5.09142 0.4 0 0.140866 1.17136 -0.0804292 0 0
-0.75 0.216667 -0.388889 2 8.07408 0.7 0 0.239712 1.41704 0.362712 0 0
-0.75 0.216667 -0.183333 1 9.0561 0.8 0 -0.356924 1.86352 0.258145 0 0
-0.75 0.216667 0.0222222 0 11.0713 1 0 -1.02795 1.3412 0.972431 0 0
-0.75 0.216667 0.227778 6 10.0755 0.9 0 -0.0549729 1.30147 1.21431 0 0
-0.75 0.216667 0.433333 0 11.1186 1 0 -0.0731916 0.375573 0.487258 0 0
-0.75 0.216667 0.638889 1 11.0975 1 0 -0.386452 1.12804 -0.0709293 0 0
-0.75 0.216667 0.844444 0 11.1047 1 0 -0.179477 0.954089 0.00943961 0 0
-0.75 0.216667 1.05 2 11.1049 1 0 -0.51788 0.470742 0.875057 0 0
-0.75 0.261111 -0.8 0 5.0829 0.4 0 0.464737 0.842417 0.0282975 0 0
-0.75 0.261111 -0.594444 0 6.10205 0.5 0 0.0599366 0.970831 0.450224 0 0
-0.75 0.261111 -0.388889 1 7.05759 0.6 0 -0.143267 1.85103 0.388433 0 0
-0.75 0.261111 -0.183333 0 10.0658 0.9 0 -0.0366334 1.52425 1.0128 0 0
-0.75 0.261111 0.0222222 2 10.0997 0.9 0 -0.335741 1.03018 0.656604 0 0
-0.75 0.261111 0.227778 0 11.0805 1 0 -0.0721381 1.14603 1.39483 0 0
-0.75 0.261111 0.433333 2 10.1024 0.9 0 0.238166 0.701349 0.350733 0 0
-0.75 0.261111 0.638889 1 11.0959 1 0 -0.390771 1.1585 -0.273116 0 0
-0.75 0.261111 0.844444 8 10.1105 0.9 0 0.0165868 0.759452 0.191068 0 0
-0.75 0.261111 1.05 0 11.1013 1 0 -0.607582 0.788636 0.740195 0 0
-0.75 0.305556 -0.8 0 4.0894 0.3 0 0.173487 1.17754 0.198194 0 0
-0.75 0.305556 -0.594444 0 5.09186 0.4 0 0.254541 0.920549 0.901309 0 0
-0.75 0.305556 -0.388889 0 7.06711 0.6 0 -0.20994 1.71438 0.0370505 0 0
-0.75 0.305556 -0.183333 1 8.07955 0.7 0 -0.345466 1.48994 0.263862 0 0
-0.75 0.305556 0.0222222 2 9.10336 0.8 0 -0.314744 0.974788 0.347541 0 0
-0.75 0.305556 0.227778 1 10.105 0.9 0 -0.0422558 0.951961 0.273551 0 0
-0.75 0.305556 0.433333 0 11.1141 1 0 -0.139306 0.599294 0.549496 0 0
-0.75 0.305556 0.638889 0 11.096 1 0 -0.110288 1.18591 -0.129071 0 0
-0.75 0.305556 0.844444 2 11.1073 1 0 -0.438957 0.861168 -0.12751 0 0
-0.75 0.305556 1.05 1 11.1111 1 0 -0.395647 0.711064 -0.403197 0 0
-0.75 0.35 -0.8 0 5.02739 0.4 0 0.632795 1.51116 1.22462 0 0
-0.75 0.35 -0.594444 0 4.04621 0.3 0 0.66869 1.08231 0.829471 0 0
-0.75 0.35 -0.388889 1 6.03721 0.5 0 0.537897 1.65373 -0.398879 0 0
-0.75 0.35 -0.183333 2 6.08569 0.5 0 -0.0861303 1.37621 0.5548 0 0
-0.75 0.35 0.0222222 0 8.10147 0.7 0 -0.0498216 1.05543 -0.0370384 0 0
-0.75 0.35 0.227778 3 9.08442 0.8 0 -0.542702 1.37528 0.362893 0 0
-0.75 0.35 0.433333 0 10.0722 0.9 0 -0.656832 1.38256 0.938567 0 0
-0.75 0.35 0.638889 0 11.1037 1 0 -0.185578 0.932537 0.632856 0 0
-0.75 0.35 0.844444 8 10.0958 0.9 0 -0.460315 1.16059 0.214488 0 0
-0.75 0.35 1.05 0 11.1096 1 0 -0.338751 0.790674 0.0855643 0 0
