# iy iz iroll Y Z Roll candidate quality planning_ratio q0 q1 q2 q3 q4 q5
0 0 0 -0.75 -0.05 -0.8 0 8.06573 0.7 0 -1.04102 1.45241 0.928734 0 0
0 0 0 -0.75 -0.05 -0.8 1 7.10103 0.6 0 -0.396424 0.569794 1.14733 0 0
0 0 0 -0.75 -0.05 -0.8 2 7.07755 0.6 0 0.280615 1.26749 0.716097 0 0
0 0 0 -0.75 -0.05 -0.8 3 7.02226 0.6 0 0.617815 1.7414 -0.040245 0 0
0 0 0 -0.75 -0.05 -0.8 4 6.10705 0.5 0 0.0905996 0.04047 1.20967 0 0
0 0 0 -0.75 -0.05 -0.8 5 6.09317 0.5 0 -0.679927 0.72608 1.38972 0 0
0 0 0 -0.75 -0.05 -0.8 6 6.09037 0.5 0 0.285266 0.561679 1.72726 0 0
0 0 0 -0.75 -0.05 -0.8 7 6.07829 0.5 0 -0.257768 1.52899 -0.162681 0 0
0 0 0 -0.75 -0.05 -0.8 8 6.07372 0.5 0 -0.0958727 1.53056 -1.0587 0 0
0 0 0 -0.75 -0.05 -0.8 9 6.06212 0.5 0 -0.604422 1.76423 -0.19357 0 0
0 0 1 -0.75 -0.05 -0.594444 0 9.07679 0.8 0 -0.38503 1.43967 -1.14552 0 0
0 0 1 -0.75 -0.05 -0.594444 1 7.10794 0.6 0 -0.320324 0.793335 0.649266 0 0
0 0 1 -0.75 -0.05 -0.594444 2 7.10755 0.6 0 0.0443145 0.226064 -1.67167 0 0
0 0 1 -0.75 -0.05 -0.594444 3 7.10406 0.6 0 -0.703297 0.846309 0.620585 0 0
0 0 1 -0.75 -0.05 -0.594444 4 7.08914 0.6 0 0.0266091 0.870321 1.528 0 0
0 0 1 -0.75 -0.05 -0.594444 5 7.07822 0.6 0 0.247787 1.26363 0.908764 0 0
0 0 1 -0.75 -0.05 -0.594444 6 7.03544 0.6 0 0.450631 1.80546 -0.528045 0 0
0 0 1 -0.75 -0.05 -0.594444 7 7.03109 0.6 0 -1.17501 1.99392 -1.51176 0 0
0 0 1 -0.75 -0.05 -0.594444 8 6.99937 0.6 0 0.413693 2.21796 -1.46667 0 0
0 0 1 -0.75 -0.05 -0.594444 9 6.10592 0.5 0 -0.520213 0.156021 1.16637 0 0
0 0 2 -0.75 -0.05 -0.388889 0 9.07517 0.8 0 0.020407 1.41816 0.762981 0 0
0 0 2 -0.75 -0.05 -0.388889 1 9.05234 0.8 0 0.560186 1.26804 0.96156 0 0
0 0 2 -0.75 -0.05 -0.388889 2 9.03706 0.8 0 -0.864289 2.083 -0.15376 0 0
0 0 2 -0.75 -0.05 -0.388889 3 8.09949 0.7 0 -1.12564 0.922958 0.342519 0 0
0 0 2 -0.75 -0.05 -0.388889 4 8.09293 0.7 0 -0.299741 0.928438 0.978235 0 0
0 0 2 -0.75 -0.05 -0.388889 5 8.0881 0.7 0 -0.200464 0.964714 1.34213 0 0
0 0 2 -0.75 -0.05 -0.388889 6 8.08647 0.7 0 -0.694568 1.05227 -1.65542 0 0
0 0 2 -0.75 -0.05 -0.388889 7 8.07708 0.7 0 -0.180785 1.51604 0.637912 0 0
0 0 2 -0.75 -0.05 -0.388889 8 8.06232 0.7 0 -0.974782 1.52626 -1.6224 0 0
0 0 2 -0.75 -0.05 -0.388889 9 8.05657 0.7 0 -0.595007 1.81297 -0.752032 0 0
0 0 3 -0.75 -0.05 -0.183333 0 11.0006 1 0 -1.39084 2.22881 1.64032 0 0
0 0 3 -0.75 -0.05 -0.183333 1 10.0798 0.9 0 -0.319226 1.28732 0.799273 0 0
0 0 3 -0.75 -0.05 -0.183333 2 10.0619 0.9 0 -1.43687 1.64074 -0.072069 0 0
0 0 3 -0.75 -0.05 -0.183333 3 10.0598 0.9 0 -0.306878 1.49408 1.62967 0 0
0 0 3 -0.75 -0.05 -0.183333 4 10.0583 0.9 0 -0.130386 1.6571 0.96074 0 0
0 0 3 -0.75 -0.05 -0.183333 5 10.0555 0.9 0 0.746484 0.307037 -0.285153 0 0
0 0 3 -0.75 -0.05 -0.183333 6 10.0078 0.9 0 -1.21081 2.38461 -0.439548 0 0
0 0 3 -0.75 -0.05 -0.183333 7 9.09268 0.8 0 0.330212 0.864156 0.108512 0 0
0 0 3 -0.75 -0.05 -0.183333 8 9.06967 0.8 0 0.369806 1.31122 -0.70602 0 0
0 0 3 -0.75 -0.05 -0.183333 9 9.06388 0.8 0 0.307994 1.54005 -0.075637 0 0
0 0 4 -0.75 -0.05 0.0222222 0 11.0857 1 0 -1.41059 1.18981 -0.19841 0 0
0 0 4 -0.75 -0.05 0.0222222 1 11.0768 1 0 0.131486 1.37323 -1.1213 0 0
0 0 4 -0.75 -0.05 0.0222222 2 11.0662 1 0 -0.126832 1.72406 -0.364357 0 0
0 0 4 -0.75 -0.05 0.0222222 3 11.04 1 0 -0.324017 1.92171 0.990599 0 0
0 0 4 -0.75 -0.05 0.0222222 4 11.0254 1 0 -0.95555 2.11941 -1.38526 0 0
0 0 4 -0.75 -0.05 0.0222222 5 10.0988 0.9 0 0.372255 0.23833 0.928725 0 0
0 0 4 -0.75 -0.05 0.0222222 6 10.0878 0.9 0 -0.673664 1.30584 0.0389405 0 0
0 0 4 -0.75 -0.05 0.0222222 7 10.0851 0.9 0 -0.0075661 1.39879 0.236318 0 0
0 0 4 -0.75 -0.05 0.0222222 8 10.0786 0.9 0 -1.25346 1.24989 -1.21554 0 0
0 0 4 -0.75 -0.05 0.0222222 9 10.0761 0.9 0 -0.50444 1.54503 0.0400763 0 0
0 0 5 -0.75 -0.05 0.227778 0 11.1017 1 0 -0.0292787 1.04357 0.111846 0 0
0 0 5 -0.75 -0.05 0.227778 1 11.0836 1 0 -1.37681 0.932914 1.10365 0 0
0 0 5 -0.75 -0.05 0.227778 2 11.0324 1 0 -0.453038 2.10109 -1.21447 0 0
0 0 5 -0.75 -0.05 0.227778 3 10.1036 0.9 0 -0.0157531 0.452295 1.18387 0 0
0 0 5 -0.75 -0.05 0.227778 4 10.0975 0.9 0 0.339129 0.228499 1.30557 0 0
0 0 5 -0.75 -0.05 0.227778 5 10.0964 0.9 0 0.143577 0.487516 1.69221 0 0
0 0 5 -0.75 -0.05 0.227778 6 10.0825 0.9 0 -0.0912611 1.42387 -0.680477 0 0
0 0 5 -0.75 -0.05 0.227778 7 10.0812 0.9 0 0.236902 1.09643 1.39308 0 0
0 0 5 -0.75 -0.05 0.227778 8 10.0646 0.9 0 -1.55463 1.56257 -0.233279 0 0
0 0 5 -0.75 -0.05 0.227778 9 10.0508 0.9 0 -0.641053 1.9217 -0.305938 0 0
0 0 6 -0.75 -0.05 0.433333 0 11.0962 1 0 0.111896 1.04743 0.624199 0 0
0 0 6 -0.75 -0.05 0.433333 1 11.0489 1 0 -1.42543 1.62607 1.2034 0 0
0 0 6 -0.75 -0.05 0.433333 2 11.0485 1 0 -1.52389 1.82657 -0.285241 0 0
0 0 6 -0.75 -0.05 0.433333 3 11.0191 1 0 -1.19664 2.23447 -0.796603 0 0
0 0 6 -0.75 -0.05 0.433333 4 10.1161 0.9 0 -0.167112 0.507617 0.459045 0 0
0 0 6 -0.75 -0.05 0.433333 5 10.1035 0.9 0 -0.364047 0.25572 1.37116 0 0
0 0 6 -0.75 -0.05 0.433333 6 10.092 0.9 0 -1.55312 0.260593 1.47709 0 0
0 0 6 -0.75 -0.05 0.433333 7 10.0868 0.9 0 -1.1174 0.671805 1.70343 0 0
0 0 6 -0.75 -0.05 0.433333 8 10.0811 0.9 0 -0.52657 0.979112 1.74232 0 0
0 0 6 -0.75 -0.05 0.433333 9 10.08 0.9 0 -1.26609 0.845021 1.72336 0 0
0 0 7 -0.75 -0.05 0.638889 0 11.1087 1 0 -0.146122 0.0655103 1.03919 0 0
0 0 7 -0.75 -0.05 0.638889 1 11.1021 1 0 -0.167049 0.0789396 1.58995 0 0
0 0 7 -0.75 -0.05 0.638889 2 11.0954 1 0 -0.77211 0.719625 1.16018 0 0
0 0 7 -0.75 -0.05 0.638889 3 11.0919 1 0 -0.916284 0.882455 0.89488 0 0
0 0 7 -0.75 -0.05 0.638889 4 11.0877 1 0 -0.622009 1.31582 0.228132 0 0
0 0 7 -0.75 -0.05 0.638889 5 11.0619 1 0 -0.733384 1.74135 0.420033 0 0
0 0 7 -0.75 -0.05 0.638889 6 11.0401 1 0 -0.537168 1.96778 -1.34607 0 0
0 0 7 -0.75 -0.05 0.638889 7 11.0326 1 0 -0.42202 2.17495 -0.356996 0 0
0 0 7 -0.75 -0.05 0.638889 8 11.0302 1 0 -0.513556 1.99811 1.3335 0 0
0 0 7 -0.75 -0.05 0.638889 9 10.9979 1 0 -1.34803 2.48725 0.17656 0 0
0 0 8 -0.75 -0.05 0.844444 0 11.0959 1 0 -0.573201 0.604809 1.45881 0 0
0 0 8 -0.75 -0.05 0.844444 1 11.0887 1 0 -0.563621 1.03991 0.881833 0 0
0 0 8 -0.75 -0.05 0.844444 2 11.0869 1 0 -0.298576 0.986926 1.36015 0 0
0 0 8 -0.75 -0.05 0.844444 3 11.045 1 0 -0.876223 1.67235 1.71807 0 0
0 0 8 -0.75 -0.05 0.844444 4 11.0075 1 0 -1.01475 2.23538 1.38433 0 0
0 0 8 -0.75 -0.05 0.844444 5 10.0898 0.9 0 -0.654574 1.26858 -0.0860072 0 0
0 0 8 -0.75 -0.05 0.844444 6 10.0879 0.9 0 -1.09968 0.723889 1.54326 0 0
0 0 8 -0.75 -0.05 0.844444 7 10.0808 0.9 0 -0.711704 1.21688 0.833386 0 0
0 0 8 -0.75 -0.05 0.844444 8 10.0775 0.9 0 -0.782155 1.19114 1.25761 0 0
0 0 8 -0.75 -0.05 0.844444 9 10.061 0.9 0 -0.708797 1.74204 0.589301 0 0
0 0 9 -0.75 -0.05 1.05 0 10.0993 0.9 0 0.191184 0.317665 1.66022 0 0
0 0 9 -0.75 -0.05 1.05 1 10.0958 0.9 0 -0.266704 0.5459 1.63991 0 0
0 0 9 -0.75 -0.05 1.05 2 10.0887 0.9 0 -0.347938 0.823899 1.62562 0 0
0 0 9 -0.75 -0.05 1.05 3 10.0832 0.9 0 -0.74102 1.23197 -1.31552 0 0
0 0 9 -0.75 -0.05 1.05 4 10.0825 0.9 0 -0.350761 1.14974 1.16168 0 0
0 0 9 -0.75 -0.05 1.05 5 10.0722 0.9 0 -0.333226 1.3462 1.27427 0 0
0 0 9 -0.75 -0.05 1.05 6 10.0634 0.9 0 -0.711881 1.46613 1.33638 0 0
0 0 9 -0.75 -0.05 1.05 7 10.0519 0.9 0 -0.674146 1.72353 0.989376 0 0
0 0 9 -0.75 -0.05 1.05 8 10.0512 0.9 0 -1.53006 1.64244 0.776856 0 0
0 0 9 -0.75 -0.05 1.05 9 10.0472 0.9 0 -0.771285 1.95443 0.412911 0 0
0 1 0 -0.75 -0.00555556 -0.8 0 7.07459 0.6 0 -0.175614 1.58604 0.255689 0 0
0 1 0 -0.75 -0.00555556 -0.8 1 7.0201 0.6 0 0.724025 1.23703 -1.72289 0 0
0 1 0 -0.75 -0.00555556 -0.8 2 6.08795 0.5 0 -0.303528 1.311 -0.627381 0 0
0 1 0 -0.75 -0.00555556 -0.8 3 6.05822 0.5 0 0.633566 0.976764 -0.324533 0 0
0 1 0 -0.75 -0.00555556 -0.8 4 6.05819 0.5 0 -0.719097 1.49261 1.61932 0 0
0 1 0 -0.75 -0.00555556 -0.8 5 6.05521 0.5 0 0.308571 1.67354 0.389476 0 0
0 1 0 -0.75 -0.00555556 -0.8 6 6.03432 0.5 0 0.639956 1.32767 -1.37344 0 0
0 1 0 -0.75 -0.00555556 -0.8 7 6.02627 0.5 0 -0.510157 2.24672 0.224924 0 0
0 1 0 -0.75 -0.00555556 -0.8 8 6.00823 0.5 0 -1.1456 2.23758 1.19352 0 0
0 1 0 -0.75 -0.00555556 -0.8 9 5.10143 0.4 0 0.0712812 0.341982 1.49966 0 0
0 1 1 -0.75 -0.00555556 -0.594444 0 8.08959 0.7 0 -0.304108 1.17173 0.730415 0 0
0 1 1 -0.75 -0.00555556 -0.594444 1 8.01544 0.7 0 -0.227297 2.25776 -1.61492 0 0
0 1 1 -0.75 -0.00555556 -0.594444 2 7.11072 0.6 0 -0.0430416 0.00968889 0.820668 0 0
0 1 1 -0.75 -0.00555556 -0.594444 3 7.07019 0.6 0 0.170004 1.38814 -1.46333 0 0
0 1 1 -0.75 -0.00555556 -0.594444 4 7.06313 0.6 0 -0.758112 1.73313 0.105089 0 0
0 1 1 -0.75 -0.00555556 -0.594444 5 7.04598 0.6 0 0.0800372 1.85619 -1.48125 0 0
0 1 1 -0.75 -0.00555556 -0.594444 6 7.04242 0.6 0 -0.147689 2.04125 -0.673875 0 0
0 1 1 -0.75 -0.00555556 -0.594444 7 7.03115 0.6 0 -0.273295 2.05556 0.886604 0 0
0 1 1 -0.75 -0.00555556 -0.594444 8 7.00786 0.6 0 0.81021 0.33664 0.205354 0 0
0 1 1 -0.75 -0.00555556 -0.594444 9 7.00356 0.6 0 -0.30524 2.42116 -1.4225 0 0
0 1 2 -0.75 -0.00555556 -0.388889 0 9.05756 0.8 0 0.630716 0.763066 1.38258 0 0
0 1 2 -0.75 -0.00555556 -0.388889 1 9.01282 0.8 0 -0.697154 2.20814 1.32817 0 0
0 1 2 -0.75 -0.00555556 -0.388889 2 8.07437 0.7 0 -0.75125 1.5448 0.269626 0 0
0 1 2 -0.75 -0.00555556 -0.388889 3 8.02007 0.7 0 -1.42732 1.95935 1.71316 0 0
0 1 2 -0.75 -0.00555556 -0.388889 4 8.01906 0.7 0 -0.419725 2.17685 1.1157 0 0
0 1 2 -0.75 -0.00555556 -0.388889 5 8.01896 0.7 0 -0.645122 2.32342 -0.318001 0 0
0 1 2 -0.75 -0.00555556 -0.388889 6 7.99312 0.7 0 -0.946933 2.45239 1.00953 0 0
0 1 2 -0.75 -0.00555556 -0.388889 7 7.09891 0.6 0 0.114252 0.53294 1.45157 0 0
0 1 2 -0.75 -0.00555556 -0.388889 8 7.07113 0.6 0 0.20373 1.49525 -0.508881 0 0
0 1 2 -0.75 -0.00555556 -0.388889 9 7.06783 0.6 0 -0.709814 1.29004 1.682 0 0
0 1 3 -0.75 -0.00555556 -0.183333 0 10.0811 0.9 0 -0.216744 1.478 -0.127831 0 0
0 1 3 -0.75 -0.00555556 -0.183333 1 9.10495 0.8 0 -1.02589 0.773817 0.34301 0 0
0 1 3 -0.75 -0.00555556 -0.183333 2 9.09941 0.8 0 -0.53607 0.684861 0.973611 0 0
0 1 3 -0.75 -0.00555556 -0.183333 3 9.08438 0.8 0 0.28776 1.13946 0.413013 0 0
0 1 3 -0.75 -0.00555556 -0.183333 4 9.07601 0.8 0 0.540141 0.724708 -0.796665 0 0
0 1 3 -0.75 -0.00555556 -0.183333 5 9.07438 0.8 0 0.323904 1.12042 1.44899 0 0
0 1 3 -0.75 -0.00555556 -0.183333 6 9.06192 0.8 0 -0.134031 1.77197 -0.628423 0 0
0 1 3 -0.75 -0.00555556 -0.183333 7 9.05643 0.8 0 0.60173 0.936519 1.36363 0 0
0 1 3 -0.75 -0.00555556 -0.183333 8 9.04156 0.8 0 -0.509677 1.99791 -1.0194 0 0
0 1 3 -0.75 -0.00555556 -0.183333 9 9.03463 0.8 0 -0.63579 1.89636 1.51722 0 0
0 1 4 -0.75 -0.00555556 0.0222222 0 11.1069 1 0 -1.15664 0.63676 0.494458 0 0
0 1 4 -0.75 -0.00555556 0.0222222 1 11.0732 1 0 -0.111683 1.57288 -0.822273 0 0
0 1 4 -0.75 -0.00555556 0.0222222 2 10.0776 0.9 0 -0.290856 1.52529 0.455278 0 0
0 1 4 -0.75 -0.00555556 0.0222222 3 10.0622 0.9 0 -0.936519 1.71457 0.407134 0 0
0 1 4 -0.75 -0.00555556 0.0222222 4 10.0042 0.9 0 -0.179853 2.41653 -1.40659 0 0
0 1 4 -0.75 -0.00555556 0.0222222 5 9.09003 0.8 0 -1.19858 1.14985 0.205741 0 0
0 1 4 -0.75 -0.00555556 0.0222222 6 9.08534 0.8 0 0.236338 1.01849 -1.30793 0 0
0 1 4 -0.75 -0.00555556 0.0222222 7 9.07645 0.8 0 0.453613 0.930948 -1.01104 0 0
0 1 4 -0.75 -0.00555556 0.0222222 8 9.07519 0.8 0 -0.806993 1.34336 0.780559 0 0
0 1 4 -0.75 -0.00555556 0.0222222 9 9.07343 0.8 0 -1.53466 1.09957 1.27611 0 0
0 1 5 -0.75 -0.00555556 0.227778 0 11.0948 1 0 0.36424 0.61909 -0.722033 0 0
0 1 5 -0.75 -0.00555556 0.227778 1 10.0979 0.9 0 0.434167 0.0663954 0.428028 0 0
0 1 5 -0.75 -0.00555556 0.227778 2 10.0929 0.9 0 -1.15038 0.550587 1.44309 0 0
0 1 5 -0.75 -0.00555556 0.227778 3 10.0903 0.9 0 -0.836429 1.19738 0.564942 0 0
0 1 5 -0.75 -0.00555556 0.227778 4 10.0889 0.9 0 -1.11054 0.904167 0.952059 0 0
0 1 5 -0.75 -0.00555556 0.227778 5 10.086 0.9 0 -1.14659 0.860125 1.3393 0 0
0 1 5 -0.75 -0.00555556 0.227778 6 10.0788 0.9 0 -1.23276 1.36281 0.45212 0 0
0 1 5 -0.75 -0.00555556 0.227778 7 10.0748 0.9 0 -0.407367 1.28251 1.29885 0 0
0 1 5 -0.75 -0.00555556 0.227778 8 10.071 0.9 0 -1.00548 1.57138 0.0208753 0 0
0 1 5 -0.75 -0.00555556 0.227778 9 10.0614 0.9 0 -0.47369 1.78238 0.281867 0 0
0 1 6 -0.75 -0.00555556 0.433333 0 11.1092 1 0 -0.088061 0.71132 0.704335 0 0
0 1 6 -0.75 -0.00555556 0.433333 1 11.0965 1 0 -0.553182 0.690796 1.24146 0 0
0 1 6 -0.75 -0.00555556 0.433333 2 11.0847 1 0 -0.431294 1.38256 -0.467281 0 0
0 1 6 -0.75 -0.00555556 0.433333 3 11.0681 1 0 -0.209802 1.37732 1.49656 0 0
0 1 6 -0.75 -0.00555556 0.433333 4 11.0617 1 0 -0.57284 1.74782 -0.631949 0 0
0 1 6 -0.75 -0.00555556 0.433333 5 11.0479 1 0 -0.417784 1.95621 0.679971 0 0
0 1 6 -0.75 -0.00555556 0.433333 6 11.0391 1 0 -1.31678 1.9737 -0.687904 0 0
0 1 6 -0.75 -0.00555556 0.433333 7 11.0353 1 0 -1.07759 2.05869 -0.650382 0 0
0 1 6 -0.75 -0.00555556 0.433333 8 11.0007 1 0 -1.54122 2.34262 -1.32373 0 0
0 1 6 -0.75 -0.00555556 0.433333 9 10.1087 0.9 0 0.0155751 0.728793 0.704548 0 0
0 1 7 -0.75 -0.00555556 0.638889 0 11.1164 1 0 -0.138876 0.542797 0.227364 0 0
0 1 7 -0.75 -0.00555556 0.638889 1 11.0869 1 0 -0.0335822 1.06721 1.11287 0 0
0 1 7 -0.75 -0.00555556 0.638889 2 11.0602 1 0 -0.566164 1.58259 1.09498 0 0
0 1 7 -0.75 -0.00555556 0.638889 3 11.058 1 0 -0.602635 1.8276 0.143202 0 0
0 1 7 -0.75 -0.00555556 0.638889 4 11.0228 1 0 -0.66379 2.27365 0.371159 0 0
0 1 7 -0.75 -0.00555556 0.638889 5 11.0087 1 0 -0.766461 2.3445 -1.34887 0 0
0 1 7 -0.75 -0.00555556 0.638889 6 10.9959 1 0 -1.44053 2.35472 -1.70376 0 0
0 1 7 -0.75 -0.00555556 0.638889 7 10.1181 0.9 0 -0.110715 0.467565 -0.142547 0 0
0 1 7 -0.75 -0.00555556 0.638889 8 10.1062 0.9 0 -0.47465 0.88945 0.00452851 0 0
0 1 7 -0.75 -0.00555556 0.638889 9 10.1017 0.9 0 -0.187199 0.90245 -1.04481 0 0
0 1 8 -0.75 -0.00555556 0.844444 0 11.1044 1 0 -0.0866924 0.128958 1.41463 0 0
0 1 8 -0.75 -0.00555556 0.844444 1 11.0781 1 0 -0.504574 1.32873 -1.47199 0 0
0 1 8 -0.75 -0.00555556 0.844444 2 11.0515 1 0 -1.33001 1.66407 0.80999 0 0
0 1 8 -0.75 -0.00555556 0.844444 3 11.0422 1 0 -1.13781 1.84114 -1.53692 0 0
0 1 8 -0.75 -0.00555556 0.844444 4 10.9982 1 0 -1.43772 2.44512 -0.759475 0 0
0 1 8 -0.75 -0.00555556 0.844444 5 10.9236 1 0 -0.209353 2.42591 1.53028 0 0
0 1 8 -0.75 -0.00555556 0.844444 6 10.1092 0.9 0 -0.302218 0.531955 0.737473 0 0
0 1 8 -0.75 -0.00555556 0.844444 7 10.0963 0.9 0 -0.795154 1.076 0.478754 0 0
0 1 8 -0.75 -0.00555556 0.844444 8 10.0817 0.9 0 -0.0916113 1.23279 0.907091 0 0
0 1 8 -0.75 -0.00555556 0.844444 9 10.0789 0.9 0 -0.224219 1.18394 1.37704 0 0
0 1 9 -0.75 -0.00555556 1.05 0 10.1001 0.9 0 -0.657409 0.258507 1.52604 0 0
0 1 9 -0.75 -0.00555556 1.05 1 10.0918 0.9 0 -0.408732 0.981685 0.844073 0 0
0 1 9 -0.75 -0.00555556 1.05 2 10.079 0.9 0 -0.318073 1.24269 1.10633 0 0
0 1 9 -0.75 -0.00555556 1.05 3 10.0742 0.9 0 -0.514761 1.18036 1.66507 0 0
0 1 9 -0.75 -0.00555556 1.05 4 10.0719 0.9 0 -0.60235 1.213 1.69428 0 0
0 1 9 -0.75 -0.00555556 1.05 5 10.0226 0.9 0 -1.40579 2.00402 1.29804 0 0
0 1 9 -0.75 -0.00555556 1.05 6 9.08854 0.8 0 -1.26559 0.603993 1.58733 0 0
0 1 9 -0.75 -0.00555556 1.05 7 9.08461 0.8 0 -0.981508 0.840954 1.61359 0 0
0 1 9 -0.75 -0.00555556 1.05 8 9.08448 0.8 0 -0.5609 0.965025 1.53018 0 0
0 1 9 -0.75 -0.00555556 1.05 9 9.0549 0.8 0 -0.878998 1.83626 -0.0960369 0 0
0 2 0 -0.75 0.0388889 -0.8 0 7.07755 0.6 0 0.587843 0.152332 1.05317 0 0
0 2 0 -0.75 0.0388889 -0.8 1 6.08138 0.5 0 0.0646161 1.25431 0.824269 0 0
0 2 0 -0.75 0.0388889 -0.8 2 6.06541 0.5 0 0.65463 0.213342 1.25851 0 0
0 2 0 -0.75 0.0388889 -0.8 3 6.03929 0.5 0 -0.0651357 1.96113 0.807656 0 0
0 2 0 -0.75 0.0388889 -0.8 4 5.08592 0.4 0 -0.544329 1.32194 -0.633601 0 0
0 2 0 -0.75 0.0388889 -0.8 5 5.07594 0.4 0 0.565528 0.624186 0.762112 0 0
0 2 0 -0.75 0.0388889 -0.8 6 5.07587 0.4 0 -0.117226 1.55633 -0.534023 0 0
0 2 0 -0.75 0.0388889 -0.8 7 5.06634 0.4 0 0.532315 1.11307 -0.0907409 0 0
0 2 0 -0.75 0.0388889 -0.8 8 5.06465 0.4 0 0.619012 0.826491 0.519248 0 0
0 2 0 -0.75 0.0388889 -0.8 9 5.01127 0.4 0 0.659629 1.77752 -0.734062 0 0
0 2 1 -0.75 0.0388889 -0.594444 0 7.09486 0.6 0 -0.277431 1.01025 -1.34507 0 0
0 2 1 -0.75 0.0388889 -0.594444 1 7.0403 0.6 0 -0.666598 1.85153 1.30005 0 0
0 2 1 -0.75 0.0388889 -0.594444 2 6.05613 0.5 0 0.336846 1.53684 1.17228 0 0
0 2 1 -0.75 0.0388889 -0.594444 3 6.01705 0.5 0 0.745682 1.40598 -0.941792 0 0
0 2 1 -0.75 0.0388889 -0.594444 4 5.10442 0.4 0 -0.0197727 0.942242 0.47774 0 0
0 2 1 -0.75 0.0388889 -0.594444 5 5.08823 0.4 0 0.14453 0.832597 1.66975 0 0
0 2 1 -0.75 0.0388889 -0.594444 6 5.07231 0.4 0 -0.580797 1.3802 0.989995 0 0
0 2 1 -0.75 0.0388889 -0.594444 7 5.06469 0.4 0 0.656285 0.357619 1.15836 0 0
0 2 1 -0.75 0.0388889 -0.594444 8 5.05889 0.4 0 -0.549045 1.64763 -1.56258 0 0
0 2 1 -0.75 0.0388889 -0.594444 9 5.05404 0.4 0 0.487642 1.46433 0.0180479 0 0
0 2 2 -0.75 0.0388889 -0.388889 0 10.0426 0.9 0 0.233733 1.77968 -1.55904 0 0
0 2 2 -0.75 0.0388889 -0.388889 1 9.0584 0.8 0 0.173166 1.62661 1.14342 0 0
0 2 2 -0.75 0.0388889 -0.388889 2 8.05818 0.7 0 0.186513 1.72926 0.446914 0 0
0 2 2 -0.75 0.0388889 -0.388889 3 8.03726 0.7 0 0.136703 2.06069 0.442256 0 0
0 2 2 -0.75 0.0388889 -0.388889 4 8.02886 0.7 0 0.166644 1.95871 1.72317 0 0
0 2 2 -0.75 0.0388889 -0.388889 5 7.9809 0.7 0 -0.955317 0.47863 1.73961 0 0
0 2 2 -0.75 0.0388889 -0.388889 6 7.10569 0.6 0 -0.578112 0.175484 1.15001 0 0
0 2 2 -0.75 0.0388889 -0.388889 7 7.09773 0.6 0 -0.348797 0.528753 1.51118 0 0
0 2 2 -0.75 0.0388889 -0.388889 8 7.08313 0.6 0 0.516276 0.543557 0.75026 0 0
0 2 2 -0.75 0.0388889 -0.388889 9 7.04966 0.6 0 -0.540306 1.80932 -1.4717 0 0
0 2 3 -0.75 0.0388889 -0.183333 0 9.07885 0.8 0 -0.381086 1.49591 -0.384947 0 0
0 2 3 -0.75 0.0388889 -0.183333 1 9.06703 0.8 0 -0.502238 1.69365 0.195008 0 0
0 2 3 -0.75 0.0388889 -0.183333 2 9.03976 0.8 0 0.746905 0.549153 1.65861 0 0
0 2 3 -0.75 0.0388889 -0.183333 3 9.03619 0.8 0 0.0701169 1.85506 1.73212 0 0
0 2 3 -0.75 0.0388889 -0.183333 4 8.10141 0.7 0 0.17852 0.857414 0.0968508 0 0
0 2 3 -0.75 0.0388889 -0.183333 5 8.09768 0.7 0 0.252261 0.84973 0.236015 0 0
0 2 3 -0.75 0.0388889 -0.183333 6 8.07926 0.7 0 -0.965322 1.40709 0.547716 0 0
0 2 3 -0.75 0.0388889 -0.183333 7 8.06968 0.7 0 -1.11929 1.56999 0.279112 0 0
0 2 3 -0.75 0.0388889 -0.183333 8 8.0674 0.7 0 0.586636 0.744097 1.09892 0 0
0 2 3 -0.75 0.0388889 -0.183333 9 8.04787 0.7 0 -0.103291 1.875 -1.42147 0 0
0 2 4 -0.75 0.0388889 0.0222222 0 11.0671 1 0 -0.362797 1.32678 1.72258 0 0
0 2 4 -0.75 0.0388889 0.0222222 1 10.0722 0.9 0 -1.10328 1.51868 0.437558 0 0
0 2 4 -0.75 0.0388889 0.0222222 2 9.09975 0.8 0 -0.493487 0.311862 1.57203 0 0
0 2 4 -0.75 0.0388889 0.0222222 3 9.088 0.8 0 -0.214687 1.3412 0.28927 0 0
0 2 4 -0.75 0.0388889 0.0222222 4 9.07548 0.8 0 0.489471 0.974433 0.376827 0 0
0 2 4 -0.75 0.0388889 0.0222222 5 9.06964 0.8 0 -0.0474708 1.2856 1.72348 0 0
0 2 4 -0.75 0.0388889 0.0222222 6 9.06688 0.8 0 -1.24183 1.50099 -1.10763 0 0
0 2 4 -0.75 0.0388889 0.0222222 7 9.05324 0.8 0 0.557575 1.08969 -1.59799 0 0
0 2 4 -0.75 0.0388889 0.0222222 8 9.03333 0.8 0 -0.942597 2.07881 -0.928803 0 0
0 2 4 -0.75 0.0388889 0.0222222 9 9.01793 0.8 0 -1.03806 2.16632 0.895028 0 0
0 2 5 -0.75 0.0388889 0.227778 0 11.0967 1 0 0.306054 0.782341 0.148812 0 0
0 2 5 -0.75 0.0388889 0.227778 1 11.032 1 0 -1.31685 2.08893 0.326361 0 0
0 2 5 -0.75 0.0388889 0.227778 2 11.0174 1 0 0.257091 2.09231 -1.65848 0 0
0 2 5 -0.75 0.0388889 0.227778 3 10.1038 0.9 0 0.244105 0.344271 1.14207 0 0
0 2 5 -0.75 0.0388889 0.227778 4 10.095 0.9 0 0.00885928 0.829592 1.13959 0 0
0 2 5 -0.75 0.0388889 0.227778 5 10.094 0.9 0 -1.08826 0.641096 1.23023 0 0
0 2 5 -0.75 0.0388889 0.227778 6 10.076 0.9 0 -0.121929 1.5733 -0.138854 0 0
0 2 5 -0.75 0.0388889 0.227778 7 10.0465 0.9 0 0.223477 1.85647 -0.705841 0 0
0 2 5 -0.75 0.0388889 0.227778 8 10.0377 0.9 0 -0.172188 1.86429 1.5801 0 0
0 2 5 -0.75 0.0388889 0.227778 9 10.0064 0.9 0 -1.34112 2.2727 0.835625 0 0
0 2 6 -0.75 0.0388889 0.433333 0 11.0846 1 0 -0.929172 1.06168 0.970056 0 0
0 2 6 -0.75 0.0388889 0.433333 1 11.0837 1 0 -1.48629 0.68466 1.60184 0 0
0 2 6 -0.75 0.0388889 0.433333 2 11.0819 1 0 -0.608705 1.23242 0.777533 0 0
0 2 6 -0.75 0.0388889 0.433333 3 11.0615 1 0 -1.2212 1.45907 1.15364 0 0
0 2 6 -0.75 0.0388889 0.433333 4 11.0468 1 0 -0.552323 1.93458 -0.927106 0 0
0 2 6 -0.75 0.0388889 0.433333 5 11.0436 1 0 0.100456 1.80521 1.4456 0 0
0 2 6 -0.75 0.0388889 0.433333 6 11.0394 1 0 -1.45238 1.77274 1.19962 0 0
0 2 6 -0.75 0.0388889 0.433333 7 10.0945 0.9 0 -0.721162 1.11945 0.534223 0 0
0 2 6 -0.75 0.0388889 0.433333 8 10.0589 0.9 0 -0.856962 1.77281 -0.386562 0 0
0 2 6 -0.75 0.0388889 0.433333 9 10.0456 0.9 0 -1.33818 1.90909 0.0297768 0 0
0 2 7 -0.75 0.0388889 0.638889 0 11.0805 1 0 -0.719164 1.03018 1.57581 0 0
0 2 7 -0.75 0.0388889 0.638889 1 11.0224 1 0 -0.945656 2.24031 0.634656 0 0
0 2 7 -0.75 0.0388889 0.638889 2 10.9986 1 0 -1.23672 2.31422 1.38437 0 0
0 2 7 -0.75 0.0388889 0.638889 3 10.9428 1 0 -1.02348 2.39874 1.51685 0 0
0 2 7 -0.75 0.0388889 0.638889 4 10.1077 0.9 0 -0.328441 0.299708 0.921144 0 0
0 2 7 -0.75 0.0388889 0.638889 5 10.1013 0.9 0 -0.542268 0.648852 0.857286 0 0
0 2 7 -0.75 0.0388889 0.638889 6 10.0997 0.9 0 -0.0258158 0.855938 -1.40051 0 0
0 2 7 -0.75 0.0388889 0.638889 7 10.0988 0.9 0 -0.458758 0.508586 1.42609 0 0
0 2 7 -0.75 0.0388889 0.638889 8 10.087 0.9 0 -0.851486 0.854881 1.48527 0 0
0 2 7 -0.75 0.0388889 0.638889 9 10.0622 0.9 0 -0.990839 1.51435 0.997501 0 0
0 2 8 -0.75 0.0388889 0.844444 0 11.0939 1 0 -0.346799 0.965032 0.777212 0 0
0 2 8 -0.75 0.0388889 0.844444 1 11.088 1 0 -0.482837 1.3275 0.0805975 0 0
0 2 8 -0.75 0.0388889 0.844444 2 11.0785 1 0 -1.43847 0.832732 1.71404 0 0
0 2 8 -0.75 0.0388889 0.844444 3 11.0745 1 0 -0.128886 1.30408 1.28841 0 0
0 2 8 -0.75 0.0388889 0.844444 4 11.0737 1 0 -0.342324 1.48987 -1.18398 0 0
0 2 8 -0.75 0.0388889 0.844444 5 11.0489 1 0 -1.13517 1.62756 1.47354 0 0
0 2 8 -0.75 0.0388889 0.844444 6 10.998 1 0 -0.854544 2.33639 1.55029 0 0
0 2 8 -0.75 0.0388889 0.844444 7 10.9962 1 0 -0.817916 2.41689 1.12517 0 0
0 2 8 -0.75 0.0388889 0.844444 8 10.1072 0.9 0 -0.355559 0.415728 0.807585 0 0
0 2 8 -0.75 0.0388889 0.844444 9 10.1007 0.9 0 -0.0683937 0.0886768 1.69689 0 0
0 2 9 -0.75 0.0388889 1.05 0 10.0994 0.9 0 -0.430849 1.04414 0.584897 0 0
0 2 9 -0.75 0.0388889 1.05 1 10.095 0.9 0 -1.01684 0.396767 1.58108 0 0
0 2 9 -0.75 0.0388889 1.05 2 10.0751 0.9 0 -0.864213 1.50227 -0.425426 0 0
0 2 9 -0.75 0.0388889 1.05 3 10.0527 0.9 0 -1.10756 1.58284 1.41099 0 0
0 2 9 -0.75 0.0388889 1.05 4 10.0415 0.9 0 -0.975702 1.98861 -0.712723 0 0
0 2 9 -0.75 0.0388889 1.05 5 10.0268 0.9 0 -0.712312 2.18926 -0.830539 0 0
0 2 9 -0.75 0.0388889 1.05 6 10.0081 0.9 0 -1.11551 2.27849 0.872783 0 0
0 2 9 -0.75 0.0388889 1.05 7 10.0034 0.9 0 -1.55118 2.39703 -0.0274494 0 0
0 2 9 -0.75 0.0388889 1.05 8 9.11888 0.8 0 -0.443542 0.247502 0.509619 0 0
0 2 9 -0.75 0.0388889 1.05 9 9.10241 0.8 0 -0.773049 0.941 0.186748 0 0
0 3 0 -0.75 0.0833333 -0.8 0 6.02464 0.5 0 0.170836 2.05947 1.49019 0 0
0 3 0 -0.75 0.0833333 -0.8 1 6.00417 0.5 0 -0.421955 0.640093 1.57543 0 0
0 3 0 -0.75 0.0833333 -0.8 2 5.99067 0.5 0 0.363486 2.37109 -1.42416 0 0
0 3 0 -0.75 0.0833333 -0.8 3 5.09148 0.4 0 0.345509 0.69385 1.08068 0 0
0 3 0 -0.75 0.0833333 -0.8 4 5.07657 0.4 0 0.40147 1.12919 0.514382 0 0
0 3 0 -0.75 0.0833333 -0.8 5 5.06083 0.4 0 0.0166187 1.59652 -1.72187 0 0
0 3 0 -0.75 0.0833333 -0.8 6 5.04908 0.4 0 0.295958 1.78595 0.279637 0 0
0 3 0 -0.75 0.0833333 -0.8 7 4.95529 0.4 0 0.818893 1.53229 0.970856 0 0
0 3 0 -0.75 0.0833333 -0.8 8 4.09672 0.3 0 0.210438 0.941653 0.279832 0 0
0 3 0 -0.75 0.0833333 -0.8 9 4.09147 0.3 0 -0.182992 1.2559 -0.433125 0 0
0 3 1 -0.75 0.0833333 -0.594444 0 8.03437 0.7 0 0.483912 1.78848 0.295598 0 0
0 3 1 -0.75 0.0833333 -0.594444 1 7.10503 0.6 0 0.241997 0.132542 1.21763 0 0
0 3 1 -0.75 0.0833333 -0.594444 2 6.10355 0.5 0 -0.410193 0.58285 0.832566 0 0
0 3 1 -0.75 0.0833333 -0.594444 3 6.10124 0.5 0 -0.392821 0.190041 1.5755 0 0
0 3 1 -0.75 0.0833333 -0.594444 4 6.10049 0.5 0 -0.427688 0.191408 1.61816 0 0
0 3 1 -0.75 0.0833333 -0.594444 5 6.08305 0.5 0 -0.265339 1.21286 -1.61018 0 0
0 3 1 -0.75 0.0833333 -0.594444 6 5.10636 0.4 0 -0.24477 0.319179 1.07127 0 0
0 3 1 -0.75 0.0833333 -0.594444 7 5.0742 0.4 0 -0.0838592 1.19306 1.7028 0 0
0 3 1 -0.75 0.0833333 -0.594444 8 5.04356 0.4 0 0.214757 1.86195 1.08717 0 0
0 3 1 -0.75 0.0833333 -0.594444 9 5.02858 0.4 0 0.734638 1.14265 -1.25147 0 0
0 3 2 -0.75 0.0833333 -0.388889 0 9.01448 0.8 0 0.432688 2.02243 -1.36681 0 0
0 3 2 -0.75 0.0833333 -0.388889 1 8.04926 0.7 0 0.222297 1.77439 1.07038 0 0
0 3 2 -0.75 0.0833333 -0.388889 2 8.02013 0.7 0 0.676211 1.58145 -0.844461 0 0
0 3 2 -0.75 0.0833333 -0.388889 3 7.10183 0.6 0 -0.378424 0.609485 0.977666 0 0
0 3 2 -0.75 0.0833333 -0.388889 4 7.08035 0.6 0 -0.456659 1.24606 0.884018 0 0
0 3 2 -0.75 0.0833333 -0.388889 5 7.02823 0.6 0 -0.359921 2.0997 0.808738 0 0
0 3 2 -0.75 0.0833333 -0.388889 6 7.00561 0.6 0 0.621294 1.83723 1.48473 0 0
0 3 2 -0.75 0.0833333 -0.388889 7 7.00153 0.6 0 0.77003 1.31401 1.39067 0 0
0 3 2 -0.75 0.0833333 -0.388889 8 6.99772 0.6 0 0.765607 1.42352 -1.52554 0 0
0 3 2 -0.75 0.0833333 -0.388889 9 6.10457 0.5 0 -0.464739 0.904705 0.523906 0 0
0 3 3 -0.75 0.0833333 -0.183333 0 11.0672 1 0 -0.99046 1.50029 -1.34585 0 0
0 3 3 -0.75 0.0833333 -0.183333 1 9.0828 0.8 0 0.527993 0.591277 0.364857 0 0
0 3 3 -0.75 0.0833333 -0.183333 2 9.03356 0.8 0 -1.09522 1.92696 1.12214 0 0
0 3 3 -0.75 0.0833333 -0.183333 3 8.10491 0.7 0 -0.652715 0.0274138 1.23766 0 0
0 3 3 -0.75 0.0833333 -0.183333 4 8.09587 0.7 0 -0.637204 0.428688 1.67952 0 0
0 3 3 -0.75 0.0833333 -0.183333 5 8.06571 0.7 0 0.346078 1.435 -0.586243 0 0
0 3 3 -0.75 0.0833333 -0.183333 6 8.06009 0.7 0 0.373306 1.43124 -1.104 0 0
0 3 3 -0.75 0.0833333 -0.183333 7 8.0513 0.7 0 0.175435 1.73627 1.16616 0 0
0 3 3 -0.75 0.0833333 -0.183333 8 8.02589 0.7 0 -0.381896 2.1859 -1.19386 0 0
0 3 3 -0.75 0.0833333 -0.183333 9 8.0141 0.7 0 -0.559375 2.3852 -0.23381 0 0
0 3 4 -0.75 0.0833333 0.0222222 0 11.0617 1 0 0.682541 0.618066 -0.0171796 0 0
0 3 4 -0.75 0.0833333 0.0222222 1 10.0854 0.9 0 0.249277 1.16407 -0.451437 0 0
0 3 4 -0.75 0.0833333 0.0222222 2 10.0854 0.9 0 -0.576818 0.981229 1.41135 0 0
0 3 4 -0.75 0.0833333 0.0222222 3 10.0829 0.9 0 -1.23787 1.29851 0.00319724 0 0
0 3 4 -0.75 0.0833333 0.0222222 4 10.0771 0.9 0 0.344916 1.00541 -1.47936 0 0
0 3 4 -0.75 0.0833333 0.0222222 5 10.0529 0.9 0 0.66888 0.758865 -1.29344 0 0
0 3 4 -0.75 0.0833333 0.0222222 6 10.0294 0.9 0 -0.539275 2.14245 -1.09779 0 0
0 3 4 -0.75 0.0833333 0.0222222 7 9.9544 0.9 0 0.537048 1.9601 -1.40455 0 0
0 3 4 -0.75 0.0833333 0.0222222 8 9.10511 0.8 0 0.107422 0.849816 -0.107941 0 0
0 3 4 -0.75 0.0833333 0.0222222 9 9.1051 0.8 0 0.147283 0.091553 1.3636 0 0
0 3 5 -0.75 0.0833333 0.227778 0 11.0627 1 0 0.0702884 1.69325 -0.967277 0 0
0 3 5 -0.75 0.0833333 0.227778 1 11.0569 1 0 -0.0601878 1.55389 1.62895 0 0
0 3 5 -0.75 0.0833333 0.227778 2 11.0099 1 0 -0.00486941 2.22512 1.60723 0 0
0 3 5 -0.75 0.0833333 0.227778 3 10.9987 1 0 -1.04733 2.33925 1.35471 0 0
0 3 5 -0.75 0.0833333 0.227778 4 10.0916 0.9 0 -1.28787 0.916971 0.739279 0 0
0 3 5 -0.75 0.0833333 0.227778 5 10.0864 0.9 0 -0.489414 0.929731 1.5017 0 0
0 3 5 -0.75 0.0833333 0.227778 6 10.085 0.9 0 -1.20941 1.22777 0.59764 0 0
0 3 5 -0.75 0.0833333 0.227778 7 10.0843 0.9 0 -0.176203 1.41501 -0.16894 0 0
0 3 5 -0.75 0.0833333 0.227778 8 10.0702 0.9 0 0.549848 0.495945 1.69895 0 0
0 3 5 -0.75 0.0833333 0.227778 9 10.0696 0.9 0 0.670322 0.0420475 0.525032 0 0
0 3 6 -0.75 0.0833333 0.433333 0 11.0777 1 0 0.172305 1.10039 1.72665 0 0
0 3 6 -0.75 0.0833333 0.433333 1 11.0687 1 0 -0.2958 1.4506 1.09899 0 0
0 3 6 -0.75 0.0833333 0.433333 2 11.0204 1 0 -1.53645 2.04605 -1.67234 0 0
0 3 6 -0.75 0.0833333 0.433333 3 10.0852 0.9 0 -1.3559 0.625947 1.70976 0 0
0 3 6 -0.75 0.0833333 0.433333 4 10.075 0.9 0 0.196202 1.21058 -1.64263 0 0
0 3 6 -0.75 0.0833333 0.433333 5 10.0707 0.9 0 -0.172042 1.64135 -0.449646 0 0
0 3 6 -0.75 0.0833333 0.433333 6 10.0683 0.9 0 -1.31818 1.37826 0.792733 0 0
0 3 6 -0.75 0.0833333 0.433333 7 10.0675 0.9 0 -0.97756 1.35478 1.31674 0 0
0 3 6 -0.75 0.0833333 0.433333 8 10.0498 0.9 0 0.716113 0.354147 -1.57543 0 0
0 3 6 -0.75 0.0833333 0.433333 9 10.043 0.9 0 -0.665553 1.95926 -1.08633 0 0
0 3 7 -0.75 0.0833333 0.638889 0 11.1173 1 0 -0.0243568 0.481549 -0.315049 0 0
0 3 7 -0.75 0.0833333 0.638889 1 11.1056 1 0 -0.145765 0.484382 0.896237 0 0
0 3 7 -0.75 0.0833333 0.638889 2 11.0903 1 0 -0.507095 1.26707 -0.283239 0 0
0 3 7 -0.75 0.0833333 0.638889 3 11.076 1 0 -0.618196 1.2165 1.36874 0 0
0 3 7 -0.75 0.0833333 0.638889 4 11.0694 1 0 -0.954917 1.38311 1.01771 0 0
0 3 7 -0.75 0.0833333 0.638889 5 11.036 1 0 -1.55636 1.98476 -0.455188 0 0
0 3 7 -0.75 0.0833333 0.638889 6 11.0245 1 0 -0.261016 2.0737 1.39886 0 0
0 3 7 -0.75 0.0833333 0.638889 7 11.0159 1 0 -0.633334 2.23881 0.806214 0 0
0 3 7 -0.75 0.0833333 0.638889 8 10.0973 0.9 0 0.384177 0.11069 1.09332 0 0
0 3 7 -0.75 0.0833333 0.638889 9 10.0702 0.9 0 0.315913 1.16614 -1.64912 0 0
0 3 8 -0.75 0.0833333 0.844444 0 11.1055 1 0 0.0771544 0.260792 1.24002 0 0
0 3 8 -0.75 0.0833333 0.844444 1 11.1055 1 0 0.0142904 0.0901638 1.34267 0 0
0 3 8 -0.75 0.0833333 0.844444 2 11.0881 1 0 -0.0697094 0.867838 1.6044 0 0
0 3 8 -0.75 0.0833333 0.844444 3 11.0712 1 0 -0.740929 1.57993 0.564463 0 0
0 3 8 -0.75 0.0833333 0.844444 4 11.0693 1 0 -0.358515 1.66277 -0.261352 0 0
0 3 8 -0.75 0.0833333 0.844444 5 11.0633 1 0 -1.10209 1.67998 0.216954 0 0
0 3 8 -0.75 0.0833333 0.844444 6 11.0317 1 0 -0.879585 2.13008 0.589455 0 0
0 3 8 -0.75 0.0833333 0.844444 7 11.0276 1 0 -1.1932 2.05769 -1.38079 0 0
0 3 8 -0.75 0.0833333 0.844444 8 11.0132 1 0 -0.482912 2.33237 -1.20155 0 0
0 3 8 -0.75 0.0833333 0.844444 9 10.9867 1 0 -1.20546 2.48937 1.06505 0 0
0 3 9 -0.75 0.0833333 1.05 0 11.0944 1 0 -0.798147 0.538599 1.57453 0 0
0 3 9 -0.75 0.0833333 1.05 1 11.0884 1 0 -0.44157 0.869871 1.52099 0 0
0 3 9 -0.75 0.0833333 1.05 2 11.0826 1 0 -0.418601 1.12271 1.23494 0 0
0 3 9 -0.75 0.0833333 1.05 3 11.0603 1 0 -0.88954 1.75655 -0.0448567 0 0
0 3 9 -0.75 0.0833333 1.05 4 11.0577 1 0 -0.623734 1.77691 -0.902447 0 0
0 3 9 -0.75 0.0833333 1.05 5 11.0513 1 0 -0.830417 1.57943 1.69808 0 0
0 3 9 -0.75 0.0833333 1.05 6 11.0362 1 0 -1.16514 1.99222 -1.09749 0 0
0 3 9 -0.75 0.0833333 1.05 7 11.0253 1 0 -1.50008 1.89152 1.6261 0 0
0 3 9 -0.75 0.0833333 1.05 8 11.0209 1 0 -1.47619 2.00602 1.35255 0 0
0 3 9 -0.75 0.0833333 1.05 9 11.0172 1 0 -0.79782 2.29948 -0.856884 0 0
0 4 0 -0.75 0.127778 -0.8 0 6.09021 0.5 0 -0.130811 1.25137 -0.793474 0 0
0 4 0 -0.75 0.127778 -0.8 1 6.02717 0.5 0 0.622586 1.65295 -0.0286806 0 0
0 4 0 -0.75 0.127778 -0.8 2 5.08256 0.4 0 0.158187 1.22242 0.846715 0 0
0 4 0 -0.75 0.127778 -0.8 3 5.07583 0.4 0 -0.0191699 1.26204 1.35238 0 0
0 4 0 -0.75 0.127778 -0.8 4 5.02858 0.4 0 0.157395 2.1339 -0.795794 0 0
0 4 0 -0.75 0.127778 -0.8 5 4.98538 0.4 0 0.266593 2.44695 -0.987946 0 0
0 4 0 -0.75 0.127778 -0.8 6 4.97368 0.4 0 0.0558885 2.07331 1.25013 0 0
0 4 0 -0.75 0.127778 -0.8 7 4.10242 0.3 0 0.300036 0.287202 1.02064 0 0
0 4 0 -0.75 0.127778 -0.8 8 4.04223 0.3 0 0.0578237 1.90392 0.935461 0 0
0 4 0 -0.75 0.127778 -0.8 9 4.03261 0.3 0 0.724985 0.913735 1.74059 0 0
0 4 1 -0.75 0.127778 -0.594444 0 5.09529 0.4 0 -0.0275652 1.05385 0.726791 0 0
0 4 1 -0.75 0.127778 -0.594444 1 5.09471 0.4 0 0.0912366 0.723502 1.43293 0 0
0 4 1 -0.75 0.127778 -0.594444 2 5.09357 0.4 0 -0.462179 0.885256 1.00803 0 0
0 4 1 -0.75 0.127778 -0.594444 3 5.05922 0.4 0 0.646912 0.763663 0.993077 0 0
0 4 1 -0.75 0.127778 -0.594444 4 5.04919 0.4 0 0.57992 1.35564 0.347225 0 0
0 4 1 -0.75 0.127778 -0.594444 5 5.01234 0.4 0 0.0329561 2.3059 -1.48414 0 0
0 4 1 -0.75 0.127778 -0.594444 6 4.94839 0.4 0 -0.582116 2.19425 -1.41023 0 0
0 4 1 -0.75 0.127778 -0.594444 7 4.10335 0.3 0 -0.29009 0.242128 1.40774 0 0
0 4 1 -0.75 0.127778 -0.594444 8 4.08706 0.3 0 0.393461 0.563992 1.43518 0 0
0 4 1 -0.75 0.127778 -0.594444 9 4.05426 0.3 0 -0.341117 1.89112 0.302138 0 0
0 4 2 -0.75 0.127778 -0.388889 0 8.08156 0.7 0 0.186901 1.08914 1.48595 0 0
0 4 2 -0.75 0.127778 -0.388889 1 7.09767 0.6 0 0.216051 0.90203 0.325578 0 0
0 4 2 -0.75 0.127778 -0.388889 2 7.05261 0.6 0 0.029139 1.78272 -1.457 0 0
0 4 2 -0.75 0.127778 -0.388889 3 6.07126 0.5 0 -0.633314 1.60514 -0.428684 0 0
0 4 2 -0.75 0.127778 -0.388889 4 6.0621 0.5 0 -0.321173 1.78467 -0.155154 0 0
0 4 2 -0.75 0.127778 -0.388889 5 6.05298 0.5 0 0.0251546 1.66216 1.43783 0 0
0 4 2 -0.75 0.127778 -0.388889 6 6.04832 0.5 0 0.578263 1.38308 0.225156 0 0
0 4 2 -0.75 0.127778 -0.388889 7 6.04583 0.5 0 -0.651324 1.99225 -0.169711 0 0
0 4 2 -0.75 0.127778 -0.388889 8 6.04089 0.5 0 0.650148 1.30234 0.578827 0 0
0 4 2 -0.75 0.127778 -0.388889 9 6.03326 0.5 0 0.691163 1.26966 -0.965845 0 0
0 4 3 -0.75 0.127778 -0.183333 0 9.09847 0.8 0 -0.963139 1.00673 0.17263 0 0
0 4 3 -0.75 0.127778 -0.183333 1 9.0434 0.8 0 0.75376 0.777574 0.337158 0 0
0 4 3 -0.75 0.127778 -0.183333 2 8.08134 0.7 0 -0.0910962 1.41089 -0.939251 0 0
0 4 3 -0.75 0.127778 -0.183333 3 8.01048 0.7 0 -0.696683 2.18425 1.65338 0 0
0 4 3 -0.75 0.127778 -0.183333 4 7.99044 0.7 0 0.789537 1.39377 -0.144666 0 0
0 4 3 -0.75 0.127778 -0.183333 5 7.09214 0.6 0 -0.409663 1.2113 0.635544 0 0
0 4 3 -0.75 0.127778 -0.183333 6 7.07883 0.6 0 -0.60539 1.47646 0.429878 0 0
0 4 3 -0.75 0.127778 -0.183333 7 7.07593 0.6 0 -0.32833 1.14156 1.70746 0 0
0 4 3 -0.75 0.127778 -0.183333 8 7.06902 0.6 0 -0.563803 1.63651 -0.563952 0 0
0 4 3 -0.75 0.127778 -0.183333 9 7.06159 0.6 0 -0.639317 1.7659 -0.276664 0 0
0 4 4 -0.75 0.127778 0.0222222 0 10.0194 0.9 0 -1.1885 2.12996 0.889331 0 0
0 4 4 -0.75 0.127778 0.0222222 1 10.0134 0.9 0 0.686914 1.53252 -1.57633 0 0
0 4 4 -0.75 0.127778 0.0222222 2 9.08746 0.8 0 -0.752178 0.747513 1.7274 0 0
0 4 4 -0.75 0.127778 0.0222222 3 9.07619 0.8 0 -0.793566 1.48975 0.563232 0 0
0 4 4 -0.75 0.127778 0.0222222 4 9.0614 0.8 0 -0.359799 1.78978 0.0255637 0 0
0 4 4 -0.75 0.127778 0.0222222 5 9.0536 0.8 0 -0.399485 1.74908 -1.55209 0 0
0 4 4 -0.75 0.127778 0.0222222 6 9.05134 0.8 0 -0.220566 1.88395 -1.00382 0 0
0 4 4 -0.75 0.127778 0.0222222 7 9.04542 0.8 0 -0.299784 2.02314 0.141568 0 0
0 4 4 -0.75 0.127778 0.0222222 8 9.02489 0.8 0 -0.0805515 2.25228 -0.818331 0 0
0 4 4 -0.75 0.127778 0.0222222 9 9.02373 0.8 0 -1.3697 2.17361 0.506099 0 0
0 4 5 -0.75 0.127778 0.227778 0 11.0991 1 0 0.380945 0.203194 0.854335 0 0
0 4 5 -0.75 0.127778 0.227778 1 11.048 1 0 0.480528 1.37229 -1.61648 0 0
0 4 5 -0.75 0.127778 0.227778 2 10.0962 0.9 0 -0.174746 0.485945 1.70272 0 0
0 4 5 -0.75 0.127778 0.227778 3 10.0924 0.9 0 -0.60559 1.21339 0.326771 0 0
0 4 5 -0.75 0.127778 0.227778 4 10.0775 0.9 0 -0.547381 1.28192 0.976667 0 0
0 4 5 -0.75 0.127778 0.227778 5 10.0623 0.9 0 0.516734 0.955637 1.62632 0 0
0 4 5 -0.75 0.127778 0.227778 6 10.0543 0.9 0 0.630197 0.793614 -1.57318 0 0
0 4 5 -0.75 0.127778 0.227778 7 10.0293 0.9 0 -0.231617 2.04297 1.20006 0 0
0 4 5 -0.75 0.127778 0.227778 8 10.0066 0.9 0 -0.745316 2.43145 -0.738575 0 0
0 4 5 -0.75 0.127778 0.227778 9 9.10442 0.8 0 0.199645 0.486104 1.02067 0 0
0 4 6 -0.75 0.127778 0.433333 0 11.0964 1 0 0.304072 0.316508 1.50276 0 0
0 4 6 -0.75 0.127778 0.433333 1 11.0812 1 0 -0.880742 1.23596 0.757623 0 0
0 4 6 -0.75 0.127778 0.433333 2 11.0679 1 0 -1.08591 1.59116 0.478623 0 0
0 4 6 -0.75 0.127778 0.433333 3 11.0292 1 0 -1.43011 2.08308 0.699838 0 0
0 4 6 -0.75 0.127778 0.433333 4 11.0228 1 0 -0.303744 2.29625 -0.411012 0 0
0 4 6 -0.75 0.127778 0.433333 5 10.1117 0.9 0 0.188212 0.393585 0.111466 0 0
0 4 6 -0.75 0.127778 0.433333 6 10.1079 0.9 0 -0.211725 0.859494 0.198773 0 0
0 4 6 -0.75 0.127778 0.433333 7 10.0997 0.9 0 -0.308578 0.214289 1.68893 0 0
0 4 6 -0.75 0.127778 0.433333 8 10.0844 0.9 0 0.0543271 1.39335 -0.104427 0 0
0 4 6 -0.75 0.127778 0.433333 9 10.0717 0.9 0 -0.499837 1.40794 0.939026 0 0
0 4 7 -0.75 0.127778 0.638889 0 11.1182 1 0 -0.210742 0.414998 0.306092 0 0
0 4 7 -0.75 0.127778 0.638889 1 11.0945 1 0 -0.614842 0.775232 1.18613 0 0
0 4 7 -0.75 0.127778 0.638889 2 11.0719 1 0 -0.583081 1.22819 1.64872 0 0
0 4 7 -0.75 0.127778 0.638889 3 11.0621 1 0 -0.515598 1.55693 1.08557 0 0
0 4 7 -0.75 0.127778 0.638889 4 11.0559 1 0 -0.31475 1.64432 1.24623 0 0
0 4 7 -0.75 0.127778 0.638889 5 11.041 1 0 -0.565593 2.05223 0.454927 0 0
0 4 7 -0.75 0.127778 0.638889 6 11.037 1 0 -0.862109 1.9 1.17593 0 0
0 4 7 -0.75 0.127778 0.638889 7 11.0213 1 0 -0.745735 2.28539 -0.359814 0 0
0 4 7 -0.75 0.127778 0.638889 8 10.1128 0.9 0 -0.367131 0.643761 0.36387 0 0
0 4 7 -0.75 0.127778 0.638889 9 10.1035 0.9 0 -0.175024 0.611742 0.836152 0 0
0 4 8 -0.75 0.127778 0.844444 0 11.1019 1 0 -0.297631 0.53785 1.15823 0 0
0 4 8 -0.75 0.127778 0.844444 1 11.1013 1 0 -0.588482 0.214189 1.49859 0 0
0 4 8 -0.75 0.127778 0.844444 2 11.0909 1 0 -0.885264 0.811807 1.2565 0 0
0 4 8 -0.75 0.127778 0.844444 3 11.0832 1 0 -0.0974623 1.29041 0.743617 0 0
0 4 8 -0.75 0.127778 0.844444 4 11.0435 1 0 -1.33729 1.73076 1.20362 0 0
0 4 8 -0.75 0.127778 0.844444 5 11.0397 1 0 -0.827065 1.7589 1.72739 0 0
0 4 8 -0.75 0.127778 0.844444 6 11.0343 1 0 -1.06412 2.09342 -0.231363 0 0
0 4 8 -0.75 0.127778 0.844444 7 11.0319 1 0 -1.29023 2.00676 -1.27275 0 0
0 4 8 -0.75 0.127778 0.844444 8 10.1068 0.9 0 -0.473384 0.161428 1.09771 0 0
0 4 8 -0.75 0.127778 0.844444 9 10.0942 0.9 0 -0.43503 0.759218 1.32907 0 0
0 4 9 -0.75 0.127778 1.05 0 11.1174 1 0 -0.527938 0.211337 0.664771 0 0
0 4 9 -0.75 0.127778 1.05 1 11.0801 1 0 -1.13685 1.0775 1.17919 0 0
0 4 9 -0.75 0.127778 1.05 2 11.0776 1 0 -1.3916 1.1414 0.853543 0 0
0 4 9 -0.75 0.127778 1.05 3 11.0534 1 0 -1.3534 1.78861 -0.196471 0 0
0 4 9 -0.75 0.127778 1.05 4 11.0422 1 0 -0.345209 1.96876 -1.24182 0 0
0 4 9 -0.75 0.127778 1.05 5 11.0248 1 0 -1.46551 1.96469 1.28971 0 0
0 4 9 -0.75 0.127778 1.05 6 11.0153 1 0 -1.20872 2.22365 -1.28282 0 0
0 4 9 -0.75 0.127778 1.05 7 11.015 1 0 -0.5158 2.12438 1.73879 0 0
0 4 9 -0.75 0.127778 1.05 8 11.0004 1 0 -0.528051 2.32196 1.61758 0 0
0 4 9 -0.75 0.127778 1.05 9 10.1176 0.9 0 -0.459285 0.375372 0.426301 0 0
0 5 0 -0.75 0.172222 -0.8 0 7.01414 0.6 0 -0.271718 2.17968 0.219844 0 0
0 5 0 -0.75 0.172222 -0.8 1 6.03019 0.5 0 0.568402 1.70742 0.464336 0 0
0 5 0 -0.75 0.172222 -0.8 2 6.01083 0.5 0 0.564557 1.96609 -0.831677 0 0
0 5 0 -0.75 0.172222 -0.8 3 5.97739 0.5 0 0.80044 1.25279 1.60184 0 0
0 5 0 -0.75 0.172222 -0.8 4 5.09863 0.4 0 -0.191362 1.08954 -0.469765 0 0
0 5 0 -0.75 0.172222 -0.8 5 4.07407 0.3 0 -0.032652 1.30267 1.3369 0 0
0 5 0 -0.75 0.172222 -0.8 6 4.06898 0.3 0 0.203835 1.41305 1.27925 0 0
0 5 0 -0.75 0.172222 -0.8 7 4.03293 0.3 0 -0.0981709 2.18083 -0.426721 0 0
0 5 0 -0.75 0.172222 -0.8 8 4.00125 0.3 0 0.615483 1.98702 -0.984463 0 0
0 5 0 -0.75 0.172222 -0.8 9 3.9871 0.3 0 0.736035 1.87022 1.28706 0 0
0 5 1 -0.75 0.172222 -0.594444 0 6.09949 0.5 0 0.25235 0.639285 0.981436 0 0
0 5 1 -0.75 0.172222 -0.594444 1 6.08579 0.5 0 -0.438644 1.30447 -0.915697 0 0
0 5 1 -0.75 0.172222 -0.594444 2 6.08522 0.5 0 -0.0682984 1.1402 0.969985 0 0
0 5 1 -0.75 0.172222 -0.594444 3 6.05968 0.5 0 0.526533 1.13703 1.19257 0 0
0 5 1 -0.75 0.172222 -0.594444 4 6.04287 0.5 0 -0.507955 1.83047 -1.31349 0 0
0 5 1 -0.75 0.172222 -0.594444 5 6.03202 0.5 0 -0.467907 2.10636 -1.1985 0 0
0 5 1 -0.75 0.172222 -0.594444 6 6.02607 0.5 0 -0.408606 2.26035 -0.0833473 0 0
0 5 1 -0.75 0.172222 -0.594444 7 5.94812 0.5 0 -0.532391 2.20243 -1.66933 0 0
0 5 1 -0.75 0.172222 -0.594444 8 5.07244 0.4 0 0.546996 0.908238 0.104527 0 0
0 5 1 -0.75 0.172222 -0.594444 9 5.06651 0.4 0 0.603858 0.683851 1.11265 0 0
0 5 2 -0.75 0.172222 -0.388889 0 10.0399 0.9 0 -0.476312 2.04427 -0.845219 0 0
0 5 2 -0.75 0.172222 -0.388889 1 8.0474 0.7 0 0.24498 1.80998 0.871369 0 0
0 5 2 -0.75 0.172222 -0.388889 2 7.05963 0.6 0 -0.514468 1.61502 0.978331 0 0
0 5 2 -0.75 0.172222 -0.388889 3 7.04829 0.6 0 0.625606 1.21577 -0.637084 0 0
0 5 2 -0.75 0.172222 -0.388889 4 6.07079 0.5 0 0.578762 0.0426842 1.73168 0 0
0 5 2 -0.75 0.172222 -0.388889 5 6.06445 0.5 0 -0.427902 1.73965 0.308885 0 0
0 5 2 -0.75 0.172222 -0.388889 6 6.06344 0.5 0 0.560082 0.99098 -1.02507 0 0
0 5 2 -0.75 0.172222 -0.388889 7 6.05444 0.5 0 -0.56049 1.8532 -0.654578 0 0
0 5 2 -0.75 0.172222 -0.388889 8 6.05122 0.5 0 0.244702 1.64993 1.4922 0 0
0 5 2 -0.75 0.172222 -0.388889 9 6.04581 0.5 0 -0.320558 1.86602 -1.56632 0 0
0 5 3 -0.75 0.172222 -0.183333 0 9.03645 0.8 0 0.703854 1.00089 1.515 0 0
0 5 3 -0.75 0.172222 -0.183333 1 8.07458 0.7 0 -0.448813 1.34953 0.977245 0 0
0 5 3 -0.75 0.172222 -0.183333 2 8.06707 0.7 0 -0.856419 1.59773 -0.888789 0 0
0 5 3 -0.75 0.172222 -0.183333 3 8.05976 0.7 0 -0.0938853 1.82072 -0.431414 0 0
0 5 3 -0.75 0.172222 -0.183333 4 8.0367 0.7 0 -0.218093 1.98916 0.835884 0 0
0 5 3 -0.75 0.172222 -0.183333 5 7.07507 0.6 0 0.37677 1.23192 0.105182 0 0
0 5 3 -0.75 0.172222 -0.183333 6 7.05291 0.6 0 -0.0963519 1.91545 0.493461 0 0
0 5 3 -0.75 0.172222 -0.183333 7 7.04587 0.6 0 -0.213182 2.01908 0.133219 0 0
0 5 3 -0.75 0.172222 -0.183333 8 7.04481 0.6 0 -0.324618 2.01474 -0.493027 0 0
0 5 3 -0.75 0.172222 -0.183333 9 7.03872 0.6 0 0.569886 1.57064 -0.36685 0 0
0 5 4 -0.75 0.172222 0.0222222 0 9.03276 0.8 0 -0.775691 2.06319 -1.25795 0 0
0 5 4 -0.75 0.172222 0.0222222 1 9.01971 0.8 0 -0.997998 2.26033 -0.706871 0 0
0 5 4 -0.75 0.172222 0.0222222 2 8.10093 0.7 0 0.305314 0.223193 1.20058 0 0
0 5 4 -0.75 0.172222 0.0222222 3 8.06218 0.7 0 -0.288069 1.77656 -0.441751 0 0
0 5 4 -0.75 0.172222 0.0222222 4 8.05189 0.7 0 0.308118 1.56949 -1.52475 0 0
0 5 4 -0.75 0.172222 0.0222222 5 8.0508 0.7 0 -0.620179 1.74886 0.968706 0 0
0 5 4 -0.75 0.172222 0.0222222 6 8.04373 0.7 0 -0.260583 1.76066 1.63369 0 0
0 5 4 -0.75 0.172222 0.0222222 7 7.89496 0.7 0 -1.27816 2.48832 1.46668 0 0
0 5 4 -0.75 0.172222 0.0222222 8 7.09041 0.6 0 0.313281 0.453233 1.74596 0 0
0 5 4 -0.75 0.172222 0.0222222 9 7.08543 0.6 0 -0.456315 0.870268 1.7214 0 0
0 5 5 -0.75 0.172222 0.227778 0 11.0718 1 0 0.513871 0.756136 1.42065 0 0
0 5 5 -0.75 0.172222 0.227778 1 9.994 0.9 0 -0.764823 2.47154 -1.59943 0 0
0 5 5 -0.75 0.172222 0.227778 2 9.09914 0.8 0 -0.0714148 0.656767 1.20199 0 0
0 5 5 -0.75 0.172222 0.227778 3 9.08826 0.8 0 0.469765 0.630189 -0.0190769 0 0
0 5 5 -0.75 0.172222 0.227778 4 9.08586 0.8 0 0.330104 0.949119 -0.951914 0 0
0 5 5 -0.75 0.172222 0.227778 5 9.07579 0.8 0 -0.928632 1.49988 -0.052294 0 0
0 5 5 -0.75 0.172222 0.227778 6 9.07443 0.8 0 0.179292 1.47418 -0.217482 0 0
0 5 5 -0.75 0.172222 0.227778 7 9.07352 0.8 0 0.631157 0.185117 -0.773018 0 0
0 5 5 -0.75 0.172222 0.227778 8 9.04671 0.8 0 0.750754 0.587983 -0.911736 0 0
0 5 5 -0.75 0.172222 0.227778 9 9.02626 0.8 0 -1.44487 1.95075 1.27668 0 0
0 5 6 -0.75 0.172222 0.433333 0 11.037 1 0 -0.699903 1.93216 1.04896 0 0
0 5 6 -0.75 0.172222 0.433333 1 11.0188 1 0 -1.06201 2.2768 0.418714 0 0
0 5 6 -0.75 0.172222 0.433333 2 10.9865 1 0 -1.39158 2.49383 -1.50518 0 0
0 5 6 -0.75 0.172222 0.433333 3 10.1003 0.9 0 -0.0454242 0.737703 0.850436 0 0
0 5 6 -0.75 0.172222 0.433333 4 10.081 0.9 0 0.275123 1.24858 -0.0459521 0 0
0 5 6 -0.75 0.172222 0.433333 5 10.056 0.9 0 -1.00311 1.7926 0.514011 0 0
0 5 6 -0.75 0.172222 0.433333 6 10.0437 0.9 0 0.223825 1.75775 -1.62462 0 0
0 5 6 -0.75 0.172222 0.433333 7 10.0348 0.9 0 0.0313364 2.04769 -1.36866 0 0
0 5 6 -0.75 0.172222 0.433333 8 10.0331 0.9 0 -0.590748 2.15106 -0.477324 0 0
0 5 6 -0.75 0.172222 0.433333 9 10.0319 0.9 0 -1.48984 2.0665 -0.145184 0 0
0 5 7 -0.75 0.172222 0.638889 0 11.0788 1 0 -0.435678 1.47229 -0.677196 0 0
0 5 7 -0.75 0.172222 0.638889 1 11.0768 1 0 -0.839676 1.06407 1.68335 0 0
0 5 7 -0.75 0.172222 0.638889 2 11.0409 1 0 -1.03759 1.89986 -1.36744 0 0
0 5 7 -0.75 0.172222 0.638889 3 11.037 1 0 -0.35607 1.83562 1.7289 0 0
0 5 7 -0.75 0.172222 0.638889 4 11.0253 1 0 -1.44522 2.10642 -0.968168 0 0
0 5 7 -0.75 0.172222 0.638889 5 10.1017 0.9 0 0.351984 0.228827 -0.747191 0 0
0 5 7 -0.75 0.172222 0.638889 6 10.1003 0.9 0 -0.50846 0.328009 1.51302 0 0
0 5 7 -0.75 0.172222 0.638889 7 10.0971 0.9 0 -0.143861 1.10938 -0.679945 0 0
0 5 7 -0.75 0.172222 0.638889 8 10.0902 0.9 0 -0.334409 1.02213 0.88575 0 0
0 5 7 -0.75 0.172222 0.638889 9 10.0883 0.9 0 -0.939604 1.10724 0.735761 0 0
0 5 8 -0.75 0.172222 0.844444 0 11.0892 1 0 -0.583618 1.19418 -1.01227 0 0
0 5 8 -0.75 0.172222 0.844444 1 11.0701 1 0 -0.738717 1.61824 -0.245344 0 0
0 5 8 -0.75 0.172222 0.844444 2 11.0343 1 0 -1.46295 1.79278 1.49659 0 0
0 5 8 -0.75 0.172222 0.844444 3 11.0276 1 0 -0.585647 1.99261 1.54278 0 0
0 5 8 -0.75 0.172222 0.844444 4 11.0142 1 0 -0.929783 2.22709 -1.5822 0 0
0 5 8 -0.75 0.172222 0.844444 5 11.0034 1 0 -0.756836 2.46084 -0.813182 0 0
0 5 8 -0.75 0.172222 0.844444 6 10.1168 0.9 0 -0.0552992 0.534809 0.172868 0 0
0 5 8 -0.75 0.172222 0.844444 7 10.1087 0.9 0 -0.433048 0.226237 0.845373 0 0
0 5 8 -0.75 0.172222 0.844444 8 10.0992 0.9 0 -0.678059 0.636975 1.04709 0 0
0 5 8 -0.75 0.172222 0.844444 9 10.0824 0.9 0 -0.0665581 1.21399 0.9172 0 0
0 5 9 -0.75 0.172222 1.05 0 11.0936 1 0 -0.0413632 0.909126 -1.72311 0 0
0 5 9 -0.75 0.172222 1.05 1 11.0913 1 0 -1.08865 0.505284 1.66547 0 0
0 5 9 -0.75 0.172222 1.05 2 11.0622 1 0 -0.989553 1.55722 -1.48734 0 0
0 5 9 -0.75 0.172222 1.05 3 11.043 1 0 -0.949474 1.99973 -0.144644 0 0
0 5 9 -0.75 0.172222 1.05 4 11.0403 1 0 -1.30395 1.97557 -0.461876 0 0
0 5 9 -0.75 0.172222 1.05 5 10.1133 0.9 0 0.0676064 0.586066 0.376817 0 0
0 5 9 -0.75 0.172222 1.05 6 10.1024 0.9 0 0.222657 0.0874694 1.53589 0 0
0 5 9 -0.75 0.172222 1.05 7 10.0973 0.9 0 -0.714037 1.03535 0.642673 0 0
0 5 9 -0.75 0.172222 1.05 8 10.0891 0.9 0 -1.00412 0.737912 1.49427 0 0
0 5 9 -0.75 0.172222 1.05 9 10.0879 0.9 0 -0.766594 1.18783 -1.04848 0 0
0 6 0 -0.75 0.216667 -0.8 0 5.08336 0.4 0 -0.00554877 1.43577 0.0896351 0 0
0 6 0 -0.75 0.216667 -0.8 1 5.06274 0.4 0 0.688922 0.155542 1.01929 0 0
0 6 0 -0.75 0.216667 -0.8 2 5.02759 0.4 0 0.0551997 2.22613 0.408672 0 0
0 6 0 -0.75 0.216667 -0.8 3 4.10162 0.3 0 0.215584 0.174268 1.5848 0 0
0 6 0 -0.75 0.216667 -0.8 4 3.93868 0.3 0 0.826033 1.7715 -0.272152 0 0
0 6 0 -0.75 0.216667 -0.8 5 3.1015 0.2 0 0.0904547 0.32071 1.51263 0 0
0 6 0 -0.75 0.216667 -0.8 6 3.09276 0.2 0 -0.139308 1.19677 -0.776385 0 0
0 6 0 -0.75 0.216667 -0.8 7 3.06177 0.2 0 0.644828 0.820942 0.319274 0 0
0 6 0 -0.75 0.216667 -0.8 8 3.02371 0.2 0 -0.164596 2.27872 -0.571924 0 0
0 6 0 -0.75 0.216667 -0.8 9 2.97717 0.2 0 -0.248021 1.323 0.0169686 0 0
0 6 1 -0.75 0.216667 -0.594444 0 5.10604 0.4 0 -0.204238 0.238715 1.19387 0 0
0 6 1 -0.75 0.216667 -0.594444 1 5.06936 0.4 0 0.00456629 1.29102 1.72563 0 0
0 6 1 -0.75 0.216667 -0.594444 2 5.02309 0.4 0 0.652546 1.64092 -0.285122 0 0
0 6 1 -0.75 0.216667 -0.594444 3 4.10463 0.3 0 0.073808 0.898562 0.319712 0 0
0 6 1 -0.75 0.216667 -0.594444 4 4.08679 0.3 0 -0.0599513 0.921552 1.57313 0 0
0 6 1 -0.75 0.216667 -0.594444 5 4.08121 0.3 0 0.124293 1.37419 -0.567676 0 0
0 6 1 -0.75 0.216667 -0.594444 6 4.05815 0.3 0 -0.370651 1.82035 -0.534789 0 0
0 6 1 -0.75 0.216667 -0.594444 7 4.02636 0.3 0 0.675542 1.3287 1.55702 0 0
0 6 1 -0.75 0.216667 -0.594444 8 4.02095 0.3 0 -0.342573 2.28671 -0.811182 0 0
0 6 1 -0.75 0.216667 -0.594444 9 4.0092 0.3 0 -0.473766 1.3805 0.223864 0 0
0 6 2 -0.75 0.216667 -0.388889 0 7.10041 0.6 0 -0.50137 1.0357 0.23282 0 0
0 6 2 -0.75 0.216667 -0.388889 1 6.0845 0.5 0 -0.035151 1.07757 1.29824 0 0
0 6 2 -0.75 0.216667 -0.388889 2 6.07532 0.5 0 -0.555281 1.21216 1.46759 0 0
0 6 2 -0.75 0.216667 -0.388889 3 6.03322 0.5 0 0.0816183 2.13551 0.610069 0 0
0 6 2 -0.75 0.216667 -0.388889 4 5.10093 0.4 0 -0.117088 0.406271 1.46612 0 0
0 6 2 -0.75 0.216667 -0.388889 5 5.08283 0.4 0 -0.688057 1.38841 0.37204 0 0
0 6 2 -0.75 0.216667 -0.388889 6 5.0779 0.4 0 -0.0704623 1.52196 -0.53609 0 0
0 6 2 -0.75 0.216667 -0.388889 7 5.07487 0.4 0 -0.641248 1.42047 -1.3045 0 0
0 6 2 -0.75 0.216667 -0.388889 8 5.05564 0.4 0 -0.157374 1.88528 0.149675 0 0
0 6 2 -0.75 0.216667 -0.388889 9 5.04782 0.4 0 -0.39995 1.98546 0.0403015 0 0
0 6 3 -0.75 0.216667 -0.183333 0 10.0096 0.9 0 -0.8116 2.2279 1.39867 0 0
0 6 3 -0.75 0.216667 -0.183333 1 8.08557 0.7 0 -0.00118845 1.01895 1.39997 0 0
0 6 3 -0.75 0.216667 -0.183333 2 8.04475 0.7 0 -0.626134 1.84695 0.904823 0 0
0 6 3 -0.75 0.216667 -0.183333 3 7.09771 0.6 0 -0.166749 0.501826 1.58044 0 0
0 6 3 -0.75 0.216667 -0.183333 4 7.09698 0.6 0 -0.0301416 0.805158 1.01439 0 0
0 6 3 -0.75 0.216667 -0.183333 5 7.08647 0.6 0 0.248762 1.15402 -0.255337 0 0
0 6 3 -0.75 0.216667 -0.183333 6 7.04078 0.6 0 -0.645251 1.98854 -1.11641 0 0
0 6 3 -0.75 0.216667 -0.183333 7 7.02336 0.6 0 -0.519363 2.27079 -0.466348 0 0
0 6 3 -0.75 0.216667 -0.183333 8 7.02154 0.6 0 0.00241783 2.29969 -0.609249 0 0
0 6 3 -0.75 0.216667 -0.183333 9 6.1006 0.5 0 -0.487652 0.505748 1.27291 0 0
0 6 4 -0.75 0.216667 0.0222222 0 9.08868 0.8 0 0.517381 0.143981 0.661949 0 0
0 6 4 -0.75 0.216667 0.0222222 1 9.06221 0.8 0 0.38119 1.23981 1.66043 0 0
0 6 4 -0.75 0.216667 0.0222222 2 8.09518 0.7 0 0.131532 1.06869 0.478056 0 0
0 6 4 -0.75 0.216667 0.0222222 3 8.09219 0.7 0 -0.0775985 0.964915 0.958779 0 0
0 6 4 -0.75 0.216667 0.0222222 4 8.0869 0.7 0 -0.0227257 1.35407 -0.463854 0 0
0 6 4 -0.75 0.216667 0.0222222 5 8.08624 0.7 0 -0.260249 1.03807 1.25606 0 0
0 6 4 -0.75 0.216667 0.0222222 6 7.09392 0.6 0 0.37375 0.678136 0.501712 0 0
0 6 4 -0.75 0.216667 0.0222222 7 7.09195 0.6 0 0.384857 0.680257 0.704459 0 0
0 6 4 -0.75 0.216667 0.0222222 8 7.08825 0.6 0 -0.165248 1.34318 0.0121527 0 0
0 6 4 -0.75 0.216667 0.0222222 9 7.08354 0.6 0 0.213104 1.25697 0.327477 0 0
0 6 5 -0.75 0.216667 0.227778 0 10.0945 0.9 0 -1.07719 0.351536 1.61965 0 0
0 6 5 -0.75 0.216667 0.227778 1 10.088 0.9 0 -0.0482371 1.29996 -0.79321 0 0
0 6 5 -0.75 0.216667 0.227778 2 9.08889 0.8 0 0.4169 0.443582 1.31754 0 0
0 6 5 -0.75 0.216667 0.227778 3 9.06449 0.8 0 -0.371116 1.551 -1.63419 0 0
0 6 5 -0.75 0.216667 0.227778 4 9.06082 0.8 0 0.625501 0.923544 -0.457322 0 0
0 6 5 -0.75 0.216667 0.227778 5 8.1002 0.7 0 -0.0299804 1.06722 0.387629 0 0
0 6 5 -0.75 0.216667 0.227778 6 8.07629 0.7 0 0.625861 0.218908 -0.29869 0 0
0 6 5 -0.75 0.216667 0.227778 7 8.07333 0.7 0 -1.12067 1.51206 -0.0219751 0 0
0 6 5 -0.75 0.216667 0.227778 8 8.06519 0.7 0 0.657244 0.591103 0.514304 0 0
0 6 5 -0.75 0.216667 0.227778 9 8.04617 0.7 0 0.500804 1.34363 1.7058 0 0
0 6 6 -0.75 0.216667 0.433333 0 11.0585 1 0 0.709344 0.444939 -0.700211 0 0
0 6 6 -0.75 0.216667 0.433333 1 10.1034 0.9 0 -0.0739589 1.00879 -0.0265461 0 0
0 6 6 -0.75 0.216667 0.433333 2 10.0982 0.9 0 0.415161 0.107757 -0.662563 0 0
0 6 6 -0.75 0.216667 0.433333 3 10.0785 0.9 0 -0.0246219 1.52716 -0.113477 0 0
0 6 6 -0.75 0.216667 0.433333 4 10.0656 0.9 0 0.528054 0.971233 -1.23533 0 0
0 6 6 -0.75 0.216667 0.433333 5 10.0494 0.9 0 -0.653507 1.79421 0.796007 0 0
0 6 6 -0.75 0.216667 0.433333 6 10.0449 0.9 0 -0.859502 1.68468 1.68209 0 0
0 6 6 -0.75 0.216667 0.433333 7 10.0323 0.9 0 -1.05774 2.07071 -0.952456 0 0
0 6 6 -0.75 0.216667 0.433333 8 10.0191 0.9 0 -0.943518 2.11767 1.26371 0 0
0 6 6 -0.75 0.216667 0.433333 9 10.0103 0.9 0 -1.06436 2.36624 0.598594 0 0
0 6 7 -0.75 0.216667 0.638889 0 11.1145 1 0 -0.185618 0.570458 0.50868 0 0
0 6 7 -0.75 0.216667 0.638889 1 11.0871 1 0 -1.13818 0.870791 1.22091 0 0
0 6 7 -0.75 0.216667 0.638889 2 10.1101 0.9 0 -0.0233693 0.724387 0.688461 0 0
0 6 7 -0.75 0.216667 0.638889 3 10.0954 0.9 0 0.198571 0.932748 -0.762264 0 0
0 6 7 -0.75 0.216667 0.638889 4 10.0922 0.9 0 -0.179323 0.781697 1.49615 0 0
0 6 7 -0.75 0.216667 0.638889 5 10.0918 0.9 0 -1.50267 0.197974 1.57665 0 0
0 6 7 -0.75 0.216667 0.638889 6 10.0902 0.9 0 0.0304315 1.28988 -0.0444135 0 0
0 6 7 -0.75 0.216667 0.638889 7 10.0888 0.9 0 -0.987388 0.928793 0.996029 0 0
0 6 7 -0.75 0.216667 0.638889 8 10.0864 0.9 0 -0.179151 1.36154 0.415403 0 0
0 6 7 -0.75 0.216667 0.638889 9 10.071 0.9 0 -0.0932986 1.28103 1.64388 0 0
0 6 8 -0.75 0.216667 0.844444 0 11.0905 1 0 0.463097 0.00855774 -1.14339 0 0
0 6 8 -0.75 0.216667 0.844444 1 11.0875 1 0 -1.02095 1.00604 0.805487 0 0
0 6 8 -0.75 0.216667 0.844444 2 11.0606 1 0 -1.16971 1.70837 0.283171 0 0
0 6 8 -0.75 0.216667 0.844444 3 11.0345 1 0 -1.47478 2.03223 -0.280375 0 0
0 6 8 -0.75 0.216667 0.844444 4 10.0963 0.9 0 0.174964 0.986721 -0.439648 0 0
0 6 8 -0.75 0.216667 0.844444 5 10.0963 0.9 0 -0.44948 0.937812 0.752422 0 0
0 6 8 -0.75 0.216667 0.844444 6 10.0929 0.9 0 -0.727922 1.17023 0.395806 0 0
0 6 8 -0.75 0.216667 0.844444 7 10.0818 0.9 0 -0.359386 1.4449 0.294848 0 0
0 6 8 -0.75 0.216667 0.844444 8 10.0724 0.9 0 -0.731538 1.37519 0.906741 0 0
0 6 8 -0.75 0.216667 0.844444 9 10.0698 0.9 0 -1.21253 1.52676 0.547493 0 0
0 6 9 -0.75 0.216667 1.05 0 11.1186 1 0 -0.448607 0.205397 0.637195 0 0
0 6 9 -0.75 0.216667 1.05 1 11.103 1 0 -0.35307 0.172426 1.46328 0 0
0 6 9 -0.75 0.216667 1.05 2 11.0957 1 0 -0.637885 0.631764 1.40168 0 0
0 6 9 -0.75 0.216667 1.05 3 11.0942 1 0 -0.678145 1.06407 -0.973845 0 0
0 6 9 -0.75 0.216667 1.05 4 11.0782 1 0 -0.773149 1.24734 0.932559 0 0
0 6 9 -0.75 0.216667 1.05 5 11.0776 1 0 0.0801425 1.11545 1.69632 0 0
0 6 9 -0.75 0.216667 1.05 6 11.0625 1 0 -0.64059 1.72483 0.689966 0 0
0 6 9 -0.75 0.216667 1.05 7 11.0617 1 0 -1.1761 1.41926 1.36353 0 0
0 6 9 -0.75 0.216667 1.05 8 10.1201 0.9 0 -0.296573 0.0166812 0.603457 0 0
0 6 9 -0.75 0.216667 1.05 9 10.111 0.9 0 -0.127496 0.76691 -0.224624 0 0
0 7 0 -0.75 0.261111 -0.8 0 5.02736 0.4 0 -0.124751 2.10065 0.417632 0 0
0 7 0 -0.75 0.261111 -0.8 1 4.10385 0.3 0 0.0782598 0.29444 1.35231 0 0
0 7 0 -0.75 0.261111 -0.8 2 4.06917 0.3 0 0.161325 1.37199 -1.62991 0 0
0 7 0 -0.75 0.261111 -0.8 3 4.02702 0.3 0 0.601193 1.68399 0.52926 0 0
0 7 0 -0.75 0.261111 -0.8 4 3.97626 0.3 0 0.774528 1.68599 1.46282 0 0
0 7 0 -0.75 0.261111 -0.8 5 3.92789 0.3 0 0.392008 2.49845 -1.23141 0 0
0 7 0 -0.75 0.261111 -0.8 6 3.08156 0.2 0 -0.0487415 1.23669 0.900677 0 0
0 7 0 -0.75 0.261111 -0.8 7 3.08085 0.2 0 0.269973 1.11571 1.19548 0 0
0 7 0 -0.75 0.261111 -0.8 8 3.04879 0.2 0 0.752056 0.619415 0.359269 0 0
0 7 0 -0.75 0.261111 -0.8 9 3.04289 0.2 0 0.207922 1.75394 1.72736 0 0
0 7 1 -0.75 0.261111 -0.594444 0 5.09267 0.4 0 0.170658 1.09437 0.355399 0 0
0 7 1 -0.75 0.261111 -0.594444 1 5.06785 0.4 0 -0.19865 1.6424 -0.912347 0 0
0 7 1 -0.75 0.261111 -0.594444 2 4.10955 0.3 0 -0.114414 0.235617 0.830141 0 0
0 7 1 -0.75 0.261111 -0.594444 3 4.08351 0.3 0 0.424853 0.49978 1.606 0 0
0 7 1 -0.75 0.261111 -0.594444 4 4.08231 0.3 0 0.169398 1.31495 -0.494293 0 0
0 7 1 -0.75 0.261111 -0.594444 5 4.06519 0.3 0 -0.308626 1.71845 -0.575881 0 0
0 7 1 -0.75 0.261111 -0.594444 6 4.0644 0.3 0 0.443328 1.33118 -0.375444 0 0
0 7 1 -0.75 0.261111 -0.594444 7 4.03394 0.3 0 0.650142 1.42476 0.708165 0 0
0 7 1 -0.75 0.261111 -0.594444 8 3.09501 0.2 0 0.307692 0.328712 1.58047 0 0
0 7 1 -0.75 0.261111 -0.594444 9 3.0882 0.2 0 0.228713 1.03848 0.991472 0 0
0 7 2 -0.75 0.261111 -0.388889 0 7.07754 0.6 0 0.565861 0.34788 1.15677 0 0
0 7 2 -0.75 0.261111 -0.388889 1 7.0312 0.6 0 0.782004 0.032418 0.583003 0 0
0 7 2 -0.75 0.261111 -0.388889 2 6.07825 0.5 0 -0.546343 1.47355 -0.594631 0 0
0 7 2 -0.75 0.261111 -0.388889 3 6.07614 0.5 0 0.287965 1.07751 1.61405 0 0
0 7 2 -0.75 0.261111 -0.388889 4 6.06924 0.5 0 -0.453848 1.41431 1.18255 0 0
0 7 2 -0.75 0.261111 -0.388889 5 6.03133 0.5 0 -0.180036 2.16468 -0.836048 0 0
0 7 2 -0.75 0.261111 -0.388889 6 6.0299 0.5 0 -0.169896 2.19238 -0.734008 0 0
0 7 2 -0.75 0.261111 -0.388889 7 6.02791 0.5 0 0.777344 0.654178 0.354573 0 0
0 7 2 -0.75 0.261111 -0.388889 8 6.02611 0.5 0 0.418648 1.87873 -1.36534 0 0
0 7 2 -0.75 0.261111 -0.388889 9 6.02113 0.5 0 -0.158217 2.06688 1.69941 0 0
0 7 3 -0.75 0.261111 -0.183333 0 10.0627 0.9 0 0.212663 1.63432 0.484457 0 0
0 7 3 -0.75 0.261111 -0.183333 1 8.07223 0.7 0 -0.0603919 1.22393 1.74186 0 0
0 7 3 -0.75 0.261111 -0.183333 2 8.04558 0.7 0 0.0687298 1.85225 0.966009 0 0
0 7 3 -0.75 0.261111 -0.183333 3 8.02844 0.7 0 -0.0428957 1.97559 1.67687 0 0
0 7 3 -0.75 0.261111 -0.183333 4 8.014 0.7 0 -0.531911 2.24437 1.0138 0 0
0 7 3 -0.75 0.261111 -0.183333 5 7.96198 0.7 0 -0.922905 2.43439 1.29411 0 0
0 7 3 -0.75 0.261111 -0.183333 6 7.94348 0.7 0 0.451391 1.99509 1.48586 0 0
0 7 3 -0.75 0.261111 -0.183333 7 7.08901 0.6 0 -0.921916 1.23348 0.29242 0 0
0 7 3 -0.75 0.261111 -0.183333 8 7.07651 0.6 0 0.237423 1.28047 -1.07675 0 0
0 7 3 -0.75 0.261111 -0.183333 9 7.07524 0.6 0 -0.228176 1.57277 -0.376112 0 0
0 7 4 -0.75 0.261111 0.0222222 0 8.05705 0.7 0 0.38976 1.34393 -1.62558 0 0
0 7 4 -0.75 0.261111 0.0222222 1 8.04559 0.7 0 -0.820761 1.74792 1.35359 0 0
0 7 4 -0.75 0.261111 0.0222222 2 7.07725 0.6 0 0.371467 1.14353 0.698713 0 0
0 7 4 -0.75 0.261111 0.0222222 3 7.07233 0.6 0 -0.972936 1.27975 1.21778 0 0
0 7 4 -0.75 0.261111 0.0222222 4 7.06596 0.6 0 -0.948937 1.43665 1.08547 0 0
0 7 4 -0.75 0.261111 0.0222222 5 7.06591 0.6 0 -0.164808 1.5581 -1.55664 0 0
0 7 4 -0.75 0.261111 0.0222222 6 7.05566 0.6 0 -0.101967 1.89105 -0.0983238 0 0
0 7 4 -0.75 0.261111 0.0222222 7 7.05357 0.6 0 -0.985609 1.52785 1.66222 0 0
0 7 4 -0.75 0.261111 0.0222222 8 7.0422 0.6 0 -0.00363433 1.93395 -1.49552 0 0
0 7 4 -0.75 0.261111 0.0222222 9 7.03481 0.6 0 0.709069 1.01256 -1.53786 0 0
0 7 5 -0.75 0.261111 0.227778 0 9.04348 0.8 0 -1.45834 1.77612 0.781776 0 0
0 7 5 -0.75 0.261111 0.227778 1 8.10934 0.7 0 0.141672 0.158247 0.919207 0 0
0 7 5 -0.75 0.261111 0.227778 2 8.09452 0.7 0 -0.501925 0.91661 0.794316 0 0
0 7 5 -0.75 0.261111 0.227778 3 8.0564 0.7 0 -0.656824 1.84458 0.0989203 0 0
0 7 5 -0.75 0.261111 0.227778 4 8.04528 0.7 0 -1.53896 1.81041 -0.992745 0 0
0 7 5 -0.75 0.261111 0.227778 5 8.04325 0.7 0 0.495258 1.37038 1.45816 0 0
0 7 5 -0.75 0.261111 0.227778 6 8.02002 0.7 0 -0.290038 2.09435 1.61167 0 0
0 7 5 -0.75 0.261111 0.227778 7 8.0097 0.7 0 -0.24799 2.30336 -1.74246 0 0
0 7 5 -0.75 0.261111 0.227778 8 8.00639 0.7 0 -1.35599 2.2722 -1.54539 0 0
0 7 5 -0.75 0.261111 0.227778 9 7.99944 0.7 0 -1.52819 2.23842 1.53892 0 0
0 7 6 -0.75 0.261111 0.433333 0 10.1023 0.9 0 0.144584 0.867788 0.324123 0 0
0 7 6 -0.75 0.261111 0.433333 1 9.08346 0.8 0 -1.54168 1.06457 0.734781 0 0
0 7 6 -0.75 0.261111 0.433333 2 9.08184 0.8 0 -0.926108 1.0393 1.33043 0 0
0 7 6 -0.75 0.261111 0.433333 3 9.07553 0.8 0 0.597386 0.535949 -0.403698 0 0
0 7 6 -0.75 0.261111 0.433333 4 9.06803 0.8 0 0.584578 0.710857 -1.15285 0 0
0 7 6 -0.75 0.261111 0.433333 5 9.06745 0.8 0 0.447164 0.984089 1.65939 0 0
0 7 6 -0.75 0.261111 0.433333 6 9.05122 0.8 0 -1.14699 1.57249 1.53908 0 0
0 7 6 -0.75 0.261111 0.433333 7 9.03809 0.8 0 -0.317697 1.96424 -1.61959 0 0
0 7 6 -0.75 0.261111 0.433333 8 9.026 0.8 0 -1.01536 2.19691 0.456564 0 0
0 7 6 -0.75 0.261111 0.433333 9 9.02052 0.8 0 -1.34008 2.19749 -0.816219 0 0
0 7 7 -0.75 0.261111 0.638889 0 11.0834 1 0 0.0442932 1.4179 0.0536764 0 0
0 7 7 -0.75 0.261111 0.638889 1 11.0803 1 0 -0.131878 1.19608 1.22297 0 0
0 7 7 -0.75 0.261111 0.638889 2 11.0745 1 0 0.495665 0.699041 -1.47293 0 0
0 7 7 -0.75 0.261111 0.638889 3 11.0561 1 0 -1.35408 1.56469 0.928691 0 0
0 7 7 -0.75 0.261111 0.638889 4 11.0269 1 0 -0.617479 2.23725 -0.0650783 0 0
0 7 7 -0.75 0.261111 0.638889 5 11.0117 1 0 -0.298609 2.35123 -1.26092 0 0
0 7 7 -0.75 0.261111 0.638889 6 10.117 0.9 0 0.131346 0.153299 -0.0946818 0 0
0 7 7 -0.75 0.261111 0.638889 7 10.1088 0.9 0 -0.0693503 0.828128 -0.415254 0 0
0 7 7 -0.75 0.261111 0.638889 8 10.1074 0.9 0 -0.136807 0.288637 1.02125 0 0
0 7 7 -0.75 0.261111 0.638889 9 10.0976 0.9 0 0.312814 0.637136 -0.773754 0 0
0 7 8 -0.75 0.261111 0.844444 0 11.0982 1 0 0.341537 0.5523 0.251498 0 0
0 7 8 -0.75 0.261111 0.844444 1 11.0936 1 0 -0.443976 0.935782 0.818397 0 0
0 7 8 -0.75 0.261111 0.844444 2 11.0564 1 0 -0.792847 1.6362 -1.68939 0 0
0 7 8 -0.75 0.261111 0.844444 3 11.0039 1 0 -0.49319 2.30753 1.4584 0 0
0 7 8 -0.75 0.261111 0.844444 4 10.1115 0.9 0 0.136209 0.468091 0.610244 0 0
0 7 8 -0.75 0.261111 0.844444 5 10.0982 0.9 0 -0.373853 0.554553 1.42625 0 0
0 7 8 -0.75 0.261111 0.844444 6 10.0976 0.9 0 0.321818 0.315548 1.32413 0 0
0 7 8 -0.75 0.261111 0.844444 7 10.053 0.9 0 -0.782119 1.70288 0.937769 0 0
0 7 8 -0.75 0.261111 0.844444 8 10.0417 0.9 0 -0.348606 1.88088 1.11169 0 0
0 7 8 -0.75 0.261111 0.844444 9 10.0247 0.9 0 -1.47751 2.15904 -0.238193 0 0
0 7 9 -0.75 0.261111 1.05 0 11.1083 1 0 -0.285171 0.689657 -1.03266 0 0
0 7 9 -0.75 0.261111 1.05 1 11.0993 1 0 -0.0671322 0.729655 0.990866 0 0
0 7 9 -0.75 0.261111 1.05 2 11.0756 1 0 -1.3353 1.07147 1.40079 0 0
0 7 9 -0.75 0.261111 1.05 3 11.072 1 0 -0.93919 1.54771 -0.488025 0 0
0 7 9 -0.75 0.261111 1.05 4 11.0431 1 0 -1.19737 1.77553 -1.71841 0 0
0 7 9 -0.75 0.261111 1.05 5 10.1107 0.9 0 -0.281986 0.345245 0.754885 0 0
0 7 9 -0.75 0.261111 1.05 6 10.1085 0.9 0 -0.102667 0.820501 0.541013 0 0
0 7 9 -0.75 0.261111 1.05 7 10.1045 0.9 0 0.223285 0.300999 -1.23415 0 0
0 7 9 -0.75 0.261111 1.05 8 10.0977 0.9 0 -0.0227631 0.456871 1.6458 0 0
0 7 9 -0.75 0.261111 1.05 9 10.0897 0.9 0 -1.19833 1.04893 0.721823 0 0
0 8 0 -0.75 0.305556 -0.8 0 5.05464 0.4 0 0.524974 1.27845 1.07779 0 0
0 8 0 -0.75 0.305556 -0.8 1 4.99249 0.4 0 -0.0358121 2.12394 0.62 0 0
0 8 0 -0.75 0.305556 -0.8 2 4.08543 0.3 0 0.0169451 1.20238 0.76686 0 0
0 8 0 -0.75 0.305556 -0.8 3 4.04294 0.3 0 0.278606 1.84606 -0.883128 0 0
0 8 0 -0.75 0.305556 -0.8 4 4.02336 0.3 0 0.276849 2.15485 0.175603 0 0
0 8 0 -0.75 0.305556 -0.8 5 4.01723 0.3 0 0.206405 2.26882 0.393427 0 0
0 8 0 -0.75 0.305556 -0.8 6 4.00589 0.3 0 -0.0555354 1.24493 1.40133 0 0
0 8 0 -0.75 0.305556 -0.8 7 3.09729 0.2 0 0.264535 0.147098 1.71184 0 0
0 8 0 -0.75 0.305556 -0.8 8 3.08641 0.2 0 0.464413 0.634962 0.708928 0 0
0 8 0 -0.75 0.305556 -0.8 9 3.03698 0.2 0 0.0276476 2.08967 -0.813315 0 0
0 8 1 -0.75 0.305556 -0.594444 0 6.06842 0.5 0 0.451851 1.238 -0.267056 0 0
0 8 1 -0.75 0.305556 -0.594444 1 5.0917 0.4 0 0.228069 1.05157 0.292373 0 0
0 8 1 -0.75 0.305556 -0.594444 2 5.06166 0.4 0 0.571026 0.938331 1.26297 0 0
0 8 1 -0.75 0.305556 -0.594444 3 5.01756 0.4 0 -0.198694 2.36257 0.242542 0 0
0 8 1 -0.75 0.305556 -0.594444 4 4.0941 0.3 0 0.226741 0.752509 1.35134 0 0
0 8 1 -0.75 0.305556 -0.594444 5 4.08199 0.3 0 0.435044 0.606023 1.4952 0 0
0 8 1 -0.75 0.305556 -0.594444 6 4.061 0.3 0 -0.252562 1.32034 0.263992 0 0
0 8 1 -0.75 0.305556 -0.594444 7 4.05903 0.3 0 0.721837 0.359819 0.396996 0 0
0 8 1 -0.75 0.305556 -0.594444 8 4.05373 0.3 0 0.207557 1.71492 -1.08515 0 0
0 8 1 -0.75 0.305556 -0.594444 9 4.04596 0.3 0 0.183483 1.83459 -1.18897 0 0
0 8 2 -0.75 0.305556 -0.388889 0 6.10125 0.5 0 0.0768986 0.20276 1.61408 0 0
0 8 2 -0.75 0.305556 -0.388889 1 6.07611 0.5 0 0.537286 0.543611 1.2837 0 0
0 8 2 -0.75 0.305556 -0.388889 2 5.082 0.4 0 0.448146 0.781301 0.977086 0 0
0 8 2 -0.75 0.305556 -0.388889 3 5.06377 0.4 0 0.703637 0.265438 0.230403 0 0
0 8 2 -0.75 0.305556 -0.388889 4 5.05875 0.4 0 -0.324999 1.60667 1.19325 0 0
0 8 2 -0.75 0.305556 -0.388889 5 5.05871 0.4 0 0.311532 1.60422 -0.524428 0 0
0 8 2 -0.75 0.305556 -0.388889 6 5.05284 0.4 0 0.753264 0.378012 -0.10688 0 0
0 8 2 -0.75 0.305556 -0.388889 7 5.04116 0.4 0 -0.499897 1.78831 1.62982 0 0
0 8 2 -0.75 0.305556 -0.388889 8 5.03927 0.4 0 0.0776307 2.0648 0.543395 0 0
0 8 2 -0.75 0.305556 -0.388889 9 5.02921 0.4 0 0.572451 1.72592 -0.239672 0 0
0 8 3 -0.75 0.305556 -0.183333 0 8.04318 0.7 0 -0.0272992 1.9513 -1.33981 0 0
0 8 3 -0.75 0.305556 -0.183333 1 8.02721 0.7 0 -0.604562 2.1912 -0.904276 0 0
0 8 3 -0.75 0.305556 -0.183333 2 7.06445 0.6 0 -0.580518 1.72575 -0.301208 0 0
0 8 3 -0.75 0.305556 -0.183333 3 7.04657 0.6 0 0.726125 0.874421 -0.357475 0 0
0 8 3 -0.75 0.305556 -0.183333 4 7.03441 0.6 0 -0.402392 2.03455 -1.48319 0 0
0 8 3 -0.75 0.305556 -0.183333 5 7.01302 0.6 0 0.806346 0.0896703 -0.144321 0 0
0 8 3 -0.75 0.305556 -0.183333 6 6.09662 0.5 0 0.310015 0.399267 1.37336 0 0
0 8 3 -0.75 0.305556 -0.183333 7 6.09638 0.5 0 0.349023 0.69361 -0.0866228 0 0
0 8 3 -0.75 0.305556 -0.183333 8 6.08213 0.5 0 0.469788 0.365207 1.57815 0 0
0 8 3 -0.75 0.305556 -0.183333 9 6.06601 0.5 0 0.485451 1.22974 0.0248439 0 0
0 8 4 -0.75 0.305556 0.0222222 0 8.08486 0.7 0 -0.654587 1.36667 0.206203 0 0
0 8 4 -0.75 0.305556 0.0222222 1 8.05091 0.7 0 -0.0573734 1.69676 1.42963 0 0
0 8 4 -0.75 0.305556 0.0222222 2 8.00853 0.7 0 -0.973004 2.28959 -1.59181 0 0
0 8 4 -0.75 0.305556 0.0222222 3 7.10233 0.6 0 0.175841 0.830454 0.14965 0 0
0 8 4 -0.75 0.305556 0.0222222 4 7.08676 0.6 0 -0.349322 0.874316 1.64957 0 0
0 8 4 -0.75 0.305556 0.0222222 5 7.08037 0.6 0 -1.08821 1.38353 0.131925 0 0
0 8 4 -0.75 0.305556 0.0222222 6 7.07801 0.6 0 0.273065 1.31057 -0.208299 0 0
0 8 4 -0.75 0.305556 0.0222222 7 7.05424 0.6 0 -0.470336 1.73847 -1.53638 0 0
0 8 4 -0.75 0.305556 0.0222222 8 7.05026 0.6 0 0.728908 0.455426 -1.23411 0 0
0 8 4 -0.75 0.305556 0.0222222 9 7.03421 0.6 0 0.552006 1.56142 -1.31708 0 0
0 8 5 -0.75 0.305556 0.227778 0 9.0797 0.8 0 0.100079 1.43013 0.513182 0 0
0 8 5 -0.75 0.305556 0.227778 1 9.02307 0.8 0 -0.390599 2.28915 0.357573 0 0
0 8 5 -0.75 0.305556 0.227778 2 9.00928 0.8 0 -0.710007 2.36701 -1.11056 0 0
0 8 5 -0.75 0.305556 0.227778 3 8.0897 0.7 0 -0.609613 1.00295 0.897295 0 0
0 8 5 -0.75 0.305556 0.227778 4 8.08161 0.7 0 -1.41977 1.27094 0.331852 0 0
0 8 5 -0.75 0.305556 0.227778 5 8.08 0.7 0 0.554438 0.568808 -0.475845 0 0
0 8 5 -0.75 0.305556 0.227778 6 8.07911 0.7 0 -0.012273 1.50965 -0.26945 0 0
0 8 5 -0.75 0.305556 0.227778 7 8.07722 0.7 0 0.334408 1.18999 0.790779 0 0
0 8 5 -0.75 0.305556 0.227778 8 8.05786 0.7 0 -0.571285 1.78372 -0.84995 0 0
0 8 5 -0.75 0.305556 0.227778 9 8.03553 0.7 0 -0.203481 1.88761 1.61234 0 0
0 8 6 -0.75 0.305556 0.433333 0 10.0821 0.9 0 0.20897 1.01608 1.65082 0 0
0 8 6 -0.75 0.305556 0.433333 1 10.0342 0.9 0 -1.10372 2.07272 0.648742 0 0
0 8 6 -0.75 0.305556 0.433333 2 9.07603 0.8 0 0.616966 0.0517125 -0.792391 0 0
0 8 6 -0.75 0.305556 0.433333 3 9.05718 0.8 0 -0.171433 1.85242 -0.395865 0 0
0 8 6 -0.75 0.305556 0.433333 4 8.09371 0.7 0 -0.629483 0.887239 0.891994 0 0
0 8 6 -0.75 0.305556 0.433333 5 8.09093 0.7 0 0.104309 1.22248 0.0105349 0 0
0 8 6 -0.75 0.305556 0.433333 6 8.08724 0.7 0 0.264691 0.952597 1.21432 0 0
0 8 6 -0.75 0.305556 0.433333 7 8.08519 0.7 0 -0.449275 1.34966 0.677245 0 0
0 8 6 -0.75 0.305556 0.433333 8 8.08023 0.7 0 -0.872032 1.41606 0.234263 0 0
0 8 6 -0.75 0.305556 0.433333 9 8.07569 0.7 0 -0.648617 1.54077 -0.00618573 0 0
0 8 7 -0.75 0.305556 0.638889 0 10.1031 0.9 0 -0.148957 0.144805 1.50373 0 0
0 8 7 -0.75 0.305556 0.638889 1 10.1005 0.9 0 0.362714 0.138089 -0.89741 0 0
0 8 7 -0.75 0.305556 0.638889 2 10.0958 0.9 0 -0.179544 0.829681 1.04145 0 0
0 8 7 -0.75 0.305556 0.638889 3 10.0901 0.9 0 -1.18574 0.529002 1.65143 0 0
0 8 7 -0.75 0.305556 0.638889 4 10.0851 0.9 0 -0.109724 1.31406 -1.0623 0 0
0 8 7 -0.75 0.305556 0.638889 5 10.0651 0.9 0 -1.35798 1.58602 0.504215 0 0
0 8 7 -0.75 0.305556 0.638889 6 10.0536 0.9 0 -0.661246 1.55508 1.7162 0 0
0 8 7 -0.75 0.305556 0.638889 7 10.0193 0.9 0 -0.00380405 2.11893 1.55477 0 0
0 8 7 -0.75 0.305556 0.638889 8 9.97568 0.9 0 -1.16667 2.35124 1.62883 0 0
0 8 7 -0.75 0.305556 0.638889 9 9.10397 0.8 0 0.31722 0.297045 -0.650107 0 0
0 8 8 -0.75 0.305556 0.844444 0 11.1033 1 0 0.309073 0.261877 0.878182 0 0
0 8 8 -0.75 0.305556 0.844444 1 11.0935 1 0 -0.0653297 1.09474 -1.20485 0 0
0 8 8 -0.75 0.305556 0.844444 2 11.076 1 0 -0.545636 1.54072 -0.0370885 0 0
0 8 8 -0.75 0.305556 0.844444 3 10.1111 0.9 0 -0.203065 0.0545457 0.793979 0 0
0 8 8 -0.75 0.305556 0.844444 4 10.1054 0.9 0 -0.0806003 0.953068 -0.0459804 0 0
0 8 8 -0.75 0.305556 0.844444 5 10.1039 0.9 0 0.34938 0.0880343 0.547324 0 0
0 8 8 -0.75 0.305556 0.844444 6 10.1028 0.9 0 0.0799349 0.577991 1.01009 0 0
0 8 8 -0.75 0.305556 0.844444 7 10.1022 0.9 0 -0.687764 0.424765 1.16121 0 0
0 8 8 -0.75 0.305556 0.844444 8 10.0856 0.9 0 -0.18279 1.39169 0.0106577 0 0
0 8 8 -0.75 0.305556 0.844444 9 10.0849 0.9 0 -1.24777 1.22299 0.577322 0 0
0 8 9 -0.75 0.305556 1.05 0 11.1116 1 0 0.0399567 0.630955 -0.662089 0 0
0 8 9 -0.75 0.305556 1.05 1 11.1049 1 0 -0.0767175 0.903245 -0.711789 0 0
0 8 9 -0.75 0.305556 1.05 2 11.0692 1 0 -0.855467 1.26702 1.59468 0 0
0 8 9 -0.75 0.305556 1.05 3 11.0506 1 0 -1.08906 1.63665 1.32962 0 0
0 8 9 -0.75 0.305556 1.05 4 10.1067 0.9 0 -0.342574 0.867092 0.36399 0 0
0 8 9 -0.75 0.305556 1.05 5 10.1055 0.9 0 0.0239051 0.201082 1.28546 0 0
0 8 9 -0.75 0.305556 1.05 6 10.0965 0.9 0 -0.563136 0.81957 0.857667 0 0
0 8 9 -0.75 0.305556 1.05 7 10.0903 0.9 0 -0.464298 0.81709 1.49747 0 0
0 8 9 -0.75 0.305556 1.05 8 10.0875 0.9 0 -1.16007 0.902912 1.05382 0 0
0 8 9 -0.75 0.305556 1.05 9 10.0837 0.9 0 -0.93933 1.34955 0.0122006 0 0
0 9 0 -0.75 0.35 -0.8 0 3.08066 0.2 0 0.563611 0.0251272 1.095 0 0
0 9 0 -0.75 0.35 -0.8 1 3.05257 0.2 0 0.272525 1.7523 -0.325674 0 0
0 9 0 -0.75 0.35 -0.8 2 3.02706 0.2 0 0.663077 1.45678 -1.1011 0 0
0 9 0 -0.75 0.35 -0.8 3 3.02005 0.2 0 0.155299 2.23603 -0.841327 0 0
0 9 0 -0.75 0.35 -0.8 4 2.99779 0.2 0 0.0571038 0.699893 0.634558 0 0
0 9 0 -0.75 0.35 -0.8 5 2.0746 0.1 0 0.454078 1.09417 -0.203388 0 0
0 9 0 -0.75 0.35 -0.8 6 2.05497 0.1 0 0.188786 1.69561 1.05616 0 0
0 9 0 -0.75 0.35 -0.8 7 2.0445 0.1 0 0.387495 1.6837 -1.09097 0 0
0 9 0 -0.75 0.35 -0.8 8 2.04384 0.1 0 0.526674 1.56513 -0.362339 0 0
0 9 0 -0.75 0.35 -0.8 9 2.03083 0.1 0 0.744263 1.12055 -0.930668 0 0
0 9 1 -0.75 0.35 -0.594444 0 4.07855 0.3 0 0.508345 0.835421 0.294845 0 0
0 9 1 -0.75 0.35 -0.594444 1 4.07177 0.3 0 0.307751 1.1375 1.66081 0 0
0 9 1 -0.75 0.35 -0.594444 2 4.06734 0.3 0 0.149762 1.59542 0.642137 0 0
0 9 1 -0.75 0.35 -0.594444 3 4.05574 0.3 0 0.725053 0.301748 0.965488 0 0
0 9 1 -0.75 0.35 -0.594444 4 4.04263 0.3 0 -0.0388204 2.02581 -0.835794 0 0
0 9 1 -0.75 0.35 -0.594444 5 4.04232 0.3 0 0.395288 1.78857 0.128284 0 0
0 9 1 -0.75 0.35 -0.594444 6 4.00563 0.3 0 0.583002 1.92367 -1.42535 0 0
0 9 1 -0.75 0.35 -0.594444 7 3.09878 0.2 0 0.245676 0.284106 1.60761 0 0
0 9 1 -0.75 0.35 -0.594444 8 3.08408 0.2 0 0.514734 0.405409 0.966462 0 0
0 9 1 -0.75 0.35 -0.594444 9 3.07256 0.2 0 0.456901 1.02892 1.01267 0 0
0 9 2 -0.75 0.35 -0.388889 0 5.07292 0.4 0 0.144746 1.41948 0.843204 0 0
0 9 2 -0.75 0.35 -0.388889 1 5.0658 0.4 0 -0.181511 1.73076 0.147033 0 0
0 9 2 -0.75 0.35 -0.388889 2 5.03221 0.4 0 -0.0189396 2.14484 -0.959232 0 0
0 9 2 -0.75 0.35 -0.388889 3 4.99013 0.4 0 0.524712 2.18066 -1.61537 0 0
0 9 2 -0.75 0.35 -0.388889 4 4.09226 0.3 0 0.0534482 1.23479 -0.0410144 0 0
0 9 2 -0.75 0.35 -0.388889 5 4.05474 0.3 0 -0.350629 1.03407 1.08304 0 0
0 9 2 -0.75 0.35 -0.388889 6 3.94896 0.3 0 -0.413111 1.6942 1.71787 0 0
0 9 2 -0.75 0.35 -0.388889 7 3.89666 0.3 0 -0.417997 2.47019 -0.235144 0 0
0 9 2 -0.75 0.35 -0.388889 8 3.10166 0.2 0 0.0323478 0.999334 0.445369 0 0
0 9 2 -0.75 0.35 -0.388889 9 3.07887 0.2 0 0.276403 1.14698 1.22282 0 0
0 9 3 -0.75 0.35 -0.183333 0 7.1052 0.6 0 -0.0829991 0.442617 1.03395 0 0
0 9 3 -0.75 0.35 -0.183333 1 7.05492 0.6 0 -0.218489 1.89249 0.24846 0 0
0 9 3 -0.75 0.35 -0.183333 2 6.07253 0.5 0 -0.295516 1.42524 0.819411 0 0
0 9 3 -0.75 0.35 -0.183333 3 6.06978 0.5 0 -0.380814 1.66126 -0.0441715 0 0
0 9 3 -0.75 0.35 -0.183333 4 6.06 0.5 0 -0.585649 1.59447 1.0349 0 0
0 9 3 -0.75 0.35 -0.183333 5 6.05625 0.5 0 -0.508195 1.614 1.31744 0 0
0 9 3 -0.75 0.35 -0.183333 6 6.05387 0.5 0 0.655721 0.951972 -0.728851 0 0
0 9 3 -0.75 0.35 -0.183333 7 6.05039 0.5 0 0.0400322 1.93171 0.496455 0 0
0 9 3 -0.75 0.35 -0.183333 8 6.04514 0.5 0 -0.603097 1.7296 1.58473 0 0
0 9 3 -0.75 0.35 -0.183333 9 6.03237 0.5 0 0.0765981 2.05174 0.815647 0 0
0 9 4 -0.75 0.35 0.0222222 0 9.09983 0.8 0 0.0682106 0.806719 0.773563 0 0
0 9 4 -0.75 0.35 0.0222222 1 9.0315 0.8 0 0.267542 1.93559 -0.41466 0 0
0 9 4 -0.75 0.35 0.0222222 2 8.09792 0.7 0 0.306311 0.294264 1.39717 0 0
0 9 4 -0.75 0.35 0.0222222 3 8.0759 0.7 0 -0.0245827 1.5658 0.320331 0 0
0 9 4 -0.75 0.35 0.0222222 4 8.07445 0.7 0 0.241663 1.32161 1.05969 0 0
0 9 4 -0.75 0.35 0.0222222 5 8.06934 0.7 0 -1.05917 1.40137 0.140747 0 0
0 9 4 -0.75 0.35 0.0222222 6 8.06402 0.7 0 0.636862 0.558812 1.17545 0 0
0 9 4 -0.75 0.35 0.0222222 7 8.04645 0.7 0 -0.126363 1.89917 -1.39088 0 0
0 9 4 -0.75 0.35 0.0222222 8 8.00601 0.7 0 0.313049 2.17705 -1.74463 0 0
0 9 4 -0.75 0.35 0.0222222 9 7.0814 0.6 0 0.20181 1.25532 -0.857327 0 0
0 9 5 -0.75 0.35 0.227778 0 9.06929 0.8 0 -0.421592 1.62857 -0.760393 0 0
0 9 5 -0.75 0.35 0.227778 1 8.10627 0.7 0 0.0818688 0.839251 0.299666 0 0
0 9 5 -0.75 0.35 0.227778 2 8.09504 0.7 0 0.199492 1.00409 -0.262547 0 0
0 9 5 -0.75 0.35 0.227778 3 8.07388 0.7 0 0.619928 0.487594 -0.168309 0 0
0 9 5 -0.75 0.35 0.227778 4 8.07231 0.7 0 -1.08172 1.26995 1.17012 0 0
0 9 5 -0.75 0.35 0.227778 5 8.05963 0.7 0 0.433613 1.28793 -1.37184 0 0
0 9 5 -0.75 0.35 0.227778 6 8.05258 0.7 0 -0.0199018 1.70316 1.25642 0 0
0 9 5 -0.75 0.35 0.227778 7 8.05052 0.7 0 -0.187293 1.93845 -0.51655 0 0
0 9 5 -0.75 0.35 0.227778 8 8.01128 0.7 0 -0.214899 2.22234 1.51193 0 0
0 9 5 -0.75 0.35 0.227778 9 7.98719 0.7 0 -1.29361 2.47789 -1.67702 0 0
0 9 6 -0.75 0.35 0.433333 0 9.08987 0.8 0 -0.711897 1.25046 0.146118 0 0
0 9 6 -0.75 0.35 0.433333 1 9.07811 0.8 0 0.542563 0.606838 0.8726 0 0
0 9 6 -0.75 0.35 0.433333 2 9.03813 0.8 0 -0.234061 2.10474 0.545016 0 0
0 9 6 -0.75 0.35 0.433333 3 9.03186 0.8 0 -0.421713 1.97615 1.3625 0 0
0 9 6 -0.75 0.35 0.433333 4 8.10424 0.7 0 -0.168435 0.260666 1.34088 0 0
0 9 6 -0.75 0.35 0.433333 5 8.09986 0.7 0 -0.16801 0.525737 1.38226 0 0
0 9 6 -0.75 0.35 0.433333 6 8.08462 0.7 0 -0.262981 1.41069 -0.240559 0 0
0 9 6 -0.75 0.35 0.433333 7 8.08161 0.7 0 0.519109 0.6923 -0.259367 0 0
0 9 6 -0.75 0.35 0.433333 8 8.02796 0.7 0 0.770744 0.592815 -1.2733 0 0
0 9 6 -0.75 0.35 0.433333 9 8.01762 0.7 0 -0.435738 2.22626 -1.59598 0 0
0 9 7 -0.75 0.35 0.638889 0 10.0397 0.9 0 -0.592936 1.91465 -1.66716 0 0
0 9 7 -0.75 0.35 0.638889 1 10.033 0.9 0 -0.820548 2.13834 0.344004 0 0
0 9 7 -0.75 0.35 0.638889 2 10.0142 0.9 0 -0.627779 2.22776 -1.74567 0 0
0 9 7 -0.75 0.35 0.638889 3 9.11508 0.8 0 -0.0159652 0.545981 -0.539838 0 0
0 9 7 -0.75 0.35 0.638889 4 9.10113 0.8 0 -0.320241 0.494092 1.29835 0 0
0 9 7 -0.75 0.35 0.638889 5 9.09917 0.8 0 0.0970715 0.718706 1.03921 0 0
0 9 7 -0.75 0.35 0.638889 6 9.09635 0.8 0 -0.779979 0.45438 1.55379 0 0
0 9 7 -0.75 0.35 0.638889 7 9.09126 0.8 0 -0.771559 0.874728 1.10946 0 0
0 9 7 -0.75 0.35 0.638889 8 9.0871 0.8 0 0.274303 1.11157 -0.0314984 0 0
0 9 7 -0.75 0.35 0.638889 9 9.08012 0.8 0 0.555656 0.598555 0.148236 0 0
0 9 8 -0.75 0.35 0.844444 0 10.0909 0.9 0 0.510531 0.193725 0.142157 0 0
0 9 8 -0.75 0.35 0.844444 1 10.0891 0.9 0 -0.205257 1.32031 -0.239364 0 0
0 9 8 -0.75 0.35 0.844444 2 10.0471 0.9 0 -0.671152 1.94155 -0.722327 0 0
0 9 8 -0.75 0.35 0.844444 3 10.0062 0.9 0 -1.43524 2.35834 -0.730363 0 0
0 9 8 -0.75 0.35 0.844444 4 9.11089 0.8 0 -0.371109 0.662687 0.68081 0 0
0 9 8 -0.75 0.35 0.844444 5 9.10802 0.8 0 -0.151385 0.69442 -1.06169 0 0
0 9 8 -0.75 0.35 0.844444 6 9.10689 0.8 0 -0.288107 0.0843663 1.18362 0 0
0 9 8 -0.75 0.35 0.844444 7 9.10345 0.8 0 0.228118 0.544115 0.914875 0 0
0 9 8 -0.75 0.35 0.844444 8 9.09912 0.8 0 0.25457 0.175013 -1.61444 0 0
0 9 8 -0.75 0.35 0.844444 9 9.0987 0.8 0 -0.513179 0.112083 1.74512 0 0
0 9 9 -0.75 0.35 1.05 0 10.1193 0.9 0 -0.0183451 0.267091 0.545924 0 0
0 9 9 -0.75 0.35 1.05 1 10.1022 0.9 0 0.000445635 0.855332 -1.14879 0 0
0 9 9 -0.75 0.35 1.05 2 10.0969 0.9 0 -0.317936 1.15032 -0.0947117 0 0
0 9 9 -0.75 0.35 1.05 3 10.0943 0.9 0 -1.06307 1.03293 0.67288 0 0
0 9 9 -0.75 0.35 1.05 4 10.0742 0.9 0 -1.18038 1.15446 1.38032 0 0
0 9 9 -0.75 0.35 1.05 5 10.0711 0.9 0 -1.06341 1.50583 0.706777 0 0
0 9 9 -0.75 0.35 1.05 6 10.0479 0.9 0 -0.962142 1.64656 1.58201 0 0
0 9 9 -0.75 0.35 1.05 7 10.0055 0.9 0 -0.989623 2.29703 -1.74211 0 0
0 9 9 -0.75 0.35 1.05 8 9.9958 0.9 0 0.320988 0.762326 -1.42888 0 0
0 9 9 -0.75 0.35 1.05 9 9.10933 0.8 0 0.141714 0.0131256 -1.31234 0 0
