# iy iz iroll Y Z Roll candidate quality q0 q1 q2 q3 q4 q5
0 0 0 -0.75 0.4 1.2 0 11.0896 1 0 -0.319176 1.01247 -1.70202 0 0
0 0 0 -0.75 0.4 1.2 1 11.0863 1 0 0.337114 -0.373468 -1.97473 0 0
0 0 0 -0.75 0.4 1.2 2 11.0779 1 0 0.181457 -0.326305 -2.81701 0 0
0 0 0 -0.75 0.4 1.2 3 11.0636 1 0 -0.696708 -1.39649 -2.08839 0 0
0 0 0 -0.75 0.4 1.2 4 11.0618 1 0 -0.508996 -1.42171 -2.18127 0 0
0 0 0 -0.75 0.4 1.2 5 11.048 1 0 -0.222561 -1.82858 -1.62413 0 0
0 0 0 -0.75 0.4 1.2 6 11.0402 1 0 0.738245 -0.554483 -1.45574 0 0
0 0 0 -0.75 0.4 1.2 7 11.0382 1 0 0.158303 -1.97765 -1.07582 0 0
0 0 0 -0.75 0.4 1.2 8 11.0088 1 0 0.402389 -1.9995 -2.026 0 0
0 0 0 -0.75 0.4 1.2 9 10.9629 1 0 0.797716 -1.62426 -1.357 0 0
0 0 1 -0.75 0.4 1.51818 0 11.1079 1 0 -0.482317 0.480464 -1.39471 0 0
0 0 1 -0.75 0.4 1.51818 1 11.1017 1 0 -0.0316302 0.329616 -2.03592 0 0
0 0 1 -0.75 0.4 1.51818 2 11.0837 1 0 0.228253 -0.450654 -2.38558 0 0
0 0 1 -0.75 0.4 1.51818 3 11.0757 1 0 -0.114077 -0.96056 -2.5733 0 0
0 0 1 -0.75 0.4 1.51818 4 11.0646 1 0 -1.33317 -0.927736 -2.72574 0 0
0 0 1 -0.75 0.4 1.51818 5 11.0518 1 0 0.143279 -1.31739 -2.71959 0 0
0 0 1 -0.75 0.4 1.51818 6 11.0457 1 0 -0.958789 -1.71486 -1.96353 0 0
0 0 1 -0.75 0.4 1.51818 7 11.0305 1 0 -1.05223 -1.65219 -2.80329 0 0
0 0 1 -0.75 0.4 1.51818 8 11.0283 1 0 -1.11709 1.66069 -2.85974 0 0
0 0 1 -0.75 0.4 1.51818 9 11.0244 1 0 -1.03401 -1.86679 -2.47661 0 0
0 0 2 -0.75 0.4 1.83636 0 9.85766 0.875 0 -0.389535 -0.053994 -1.74546 0 0
0 0 2 -0.75 0.4 1.83636 1 9.85529 0.875 0 -0.309487 0.0335159 -1.92037 0 0
0 0 2 -0.75 0.4 1.83636 2 9.82869 0.875 0 -1.04772 1.2558 -1.3553 0 0
0 0 2 -0.75 0.4 1.83636 3 9.82539 0.875 0 -1.49699 1.27838 -1.12672 0 0
0 0 2 -0.75 0.4 1.83636 4 9.82257 0.875 0 -0.326818 -1.22666 -2.17007 0 0
0 0 2 -0.75 0.4 1.83636 5 9.81969 0.875 0 -0.2423 -0.854972 -2.95337 0 0
0 0 2 -0.75 0.4 1.83636 6 9.81324 0.875 0 -1.20371 -0.881435 -2.89066 0 0
0 0 2 -0.75 0.4 1.83636 7 9.81001 0.875 0 -0.838559 -1.59812 -1.56315 0 0
0 0 2 -0.75 0.4 1.83636 8 9.79889 0.875 0 -0.0809991 -1.65064 -2.26305 0 0
0 0 2 -0.75 0.4 1.83636 9 9.79702 0.875 0 -0.0030381 -1.83416 -1.65128 0 0
0 0 3 -0.75 0.4 2.15455 0 9.84023 0.875 0 -1.46746 0.932896 -1.10342 0 0
0 0 3 -0.75 0.4 2.15455 1 9.83298 0.875 0 -0.597658 -1.01237 -2.0275 0 0
0 0 3 -0.75 0.4 2.15455 2 9.83259 0.875 0 -0.858457 -0.394365 -2.71209 0 0
0 0 3 -0.75 0.4 2.15455 3 9.83189 0.875 0 -0.797578 0.372139 -2.78717 0 0
0 0 3 -0.75 0.4 2.15455 4 9.83013 0.875 0 -0.472946 -1.23163 -1.68477 0 0
0 0 3 -0.75 0.4 2.15455 5 9.82792 0.875 0 -1.16222 0.101008 -2.90321 0 0
0 0 3 -0.75 0.4 2.15455 6 9.82304 0.875 0 -1.06506 1.13402 -2.07809 0 0
0 0 3 -0.75 0.4 2.15455 7 9.8203 0.875 0 -0.971174 0.637594 -2.98703 0 0
0 0 3 -0.75 0.4 2.15455 8 9.81845 0.875 0 -1.71527 -0.461879 -2.83859 0 0
0 0 3 -0.75 0.4 2.15455 9 9.81746 0.875 0 -0.220001 -0.881756 -2.0854 0 0
0 0 4 -0.75 0.4 2.47273 0 9.84153 0.875 0 -1.23709 0.68378 -1.78022 0 0
0 0 4 -0.75 0.4 2.47273 1 9.83804 0.875 0 -0.952579 -1.05232 -1.41785 0 0
0 0 4 -0.75 0.4 2.47273 2 9.82708 0.875 0 -1.53883 -0.8476 -2.13658 0 0
0 0 4 -0.75 0.4 2.47273 3 9.82198 0.875 0 -1.44453 0.132325 -2.99462 0 0
0 0 4 -0.75 0.4 2.47273 4 9.81525 0.875 0 -1.29983 -0.811585 -2.86695 0 0
0 0 4 -0.75 0.4 2.47273 5 9.81491 0.875 0 -1.35663 0.906021 -2.72543 0 0
0 0 4 -0.75 0.4 2.47273 6 9.80737 0.875 0 -0.887997 -1.63844 -1.53002 0 0
0 0 4 -0.75 0.4 2.47273 7 9.80464 0.875 0 -1.05654 -1.67215 -1.4572 0 0
0 0 4 -0.75 0.4 2.47273 8 9.80373 0.875 0 -1.60196 -0.943393 -2.98577 0 0
0 0 4 -0.75 0.4 2.47273 9 9.80364 0.875 0 -1.86765 1.11572 -2.56124 0 0
0 0 5 -0.75 0.4 2.79091 0 11.0719 1 0 -1.5409 -1.34125 -1.08619 0 0
0 0 5 -0.75 0.4 2.79091 1 11.0674 1 0 -1.97799 0.89683 -2.21506 0 0
0 0 5 -0.75 0.4 2.79091 2 11.0576 1 0 -2.34225 1.23928 -1.58827 0 0
0 0 5 -0.75 0.4 2.79091 3 11.0569 1 0 -1.81881 -0.731864 -2.99946 0 0
0 0 5 -0.75 0.4 2.79091 4 11.0558 1 0 -2.08677 1.25446 -1.93674 0 0
0 0 5 -0.75 0.4 2.79091 5 11.0528 1 0 -2.21353 1.4265 -1.43055 0 0
0 0 5 -0.75 0.4 2.79091 6 11.052 1 0 -2.52263 0.606994 -2.80375 0 0
0 0 5 -0.75 0.4 2.79091 7 11.0438 1 0 -2.47583 1.36348 -1.90441 0 0
0 0 5 -0.75 0.4 2.79091 8 11.0435 1 0 -1.96006 -1.40929 -2.31941 0 0
0 0 5 -0.75 0.4 2.79091 9 11.0415 1 0 -2.69132 0.772698 -2.904 0 0
0 0 6 -0.75 0.4 3.10909 0 11.0448 1 0 -2.83806 -0.420246 -2.94171 0 0
0 0 6 -0.75 0.4 3.10909 1 10.9823 1 0 -3.13219 -1.97229 -2.3072 0 0
0 0 6 -0.75 0.4 3.10909 2 9.79797 0.875 0 -1.77075 -1.24174 -2.62702 0 0
0 0 6 -0.75 0.4 3.10909 3 9.76168 0.875 0 -3.28876 -1.45284 -2.0092 0 0
0 0 6 -0.75 0.4 3.10909 4 9.75409 0.875 0 -1.78201 -2.19158 -1.75468 0 0
0 0 6 -0.75 0.4 3.10909 5 9.75034 0.875 0 -2.73122 -2.06853 -1.4192 0 0
0 0 6 -0.75 0.4 3.10909 6 8.5799 0.75 0 -1.75041 0.0264517 -2.48971 0 0
0 0 6 -0.75 0.4 3.10909 7 8.5565 0.75 0 -2.65777 0.444223 -2.61966 0 0
0 0 6 -0.75 0.4 3.10909 8 8.55235 0.75 0 -2.06835 0.781574 -2.94957 0 0
0 0 6 -0.75 0.4 3.10909 9 8.54114 0.75 0 -3.12506 -0.0095139 -2.90969 0 0
0 0 7 -0.75 0.4 3.42727 0 8.55517 0.75 0 -2.38506 -0.761537 -2.62313 0 0
0 0 7 -0.75 0.4 3.42727 1 8.54555 0.75 0 -2.27068 -0.956086 -2.84171 0 0
0 0 7 -0.75 0.4 3.42727 2 8.52853 0.75 0 -2.17692 -1.58978 -2.375 0 0
0 0 7 -0.75 0.4 3.42727 3 8.52464 0.75 0 -2.79024 1.4579 -2.27547 0 0
0 0 7 -0.75 0.4 3.42727 4 8.51228 0.75 0 -3.60334 -0.365231 -2.37776 0 0
0 0 7 -0.75 0.4 3.42727 5 8.49773 0.75 0 -2.51944 -2.1465 -1.5179 0 0
0 0 7 -0.75 0.4 3.42727 6 7.32265 0.625 0 -2.82282 0.584712 -1.31622 0 0
0 0 7 -0.75 0.4 3.42727 7 7.32067 0.625 0 -2.90102 0.681242 -1.12494 0 0
0 0 7 -0.75 0.4 3.42727 8 7.29724 0.625 0 -2.89049 0.683412 -2.57036 0 0
0 0 7 -0.75 0.4 3.42727 9 7.29475 0.625 0 -2.03135 -1.06175 -2.90635 0 0
0 0 8 -0.75 0.4 3.74545 0 8.47943 0.75 0 -3.07089 -2.03935 -2.31089 0 0
0 0 8 -0.75 0.4 3.74545 1 7.31333 0.625 0 -2.75954 0.0694442 -2.35993 0 0
0 0 8 -0.75 0.4 3.74545 2 7.29639 0.625 0 -2.69749 -0.973442 -2.41164 0 0
0 0 8 -0.75 0.4 3.74545 3 7.26266 0.625 0 -2.91143 -1.34025 -2.94758 0 0
0 0 8 -0.75 0.4 3.74545 4 7.22989 0.625 0 -3.55169 1.7999 -1.10666 0 0
0 0 8 -0.75 0.4 3.74545 5 6.0858 0.5 0 -2.48466 -0.113745 -1.3707 0 0
0 0 8 -0.75 0.4 3.74545 6 6.05572 0.5 0 -2.96742 -1.0742 -1.12961 0 0
0 0 8 -0.75 0.4 3.74545 7 6.03782 0.5 0 -2.97592 -1.20548 -2.007 0 0
0 0 8 -0.75 0.4 3.74545 8 6.02137 0.5 0 -3.16588 -1.54773 -1.56868 0 0
0 0 8 -0.75 0.4 3.74545 9 6.01711 0.5 0 -3.45564 -0.620492 -2.64251 0 0
0 0 9 -0.75 0.4 4.06364 0 7.24802 0.625 0 -3.325 -1.56417 -2.25356 0 0
0 0 9 -0.75 0.4 4.06364 1 7.23176 0.625 0 -3.44697 -1.44813 -2.81818 0 0
0 0 9 -0.75 0.4 4.06364 2 7.18544 0.625 0 -3.70142 -1.9211 -2.28003 0 0
0 0 9 -0.75 0.4 4.06364 3 7.18187 0.625 0 -3.75309 -1.65517 -2.85917 0 0
0 0 9 -0.75 0.4 4.06364 4 6.05154 0.5 0 -3.22652 -0.154688 -2.20664 0 0
0 0 9 -0.75 0.4 4.06364 5 6.04617 0.5 0 -3.21254 -0.88135 -1.76946 0 0
0 0 9 -0.75 0.4 4.06364 6 6.0286 0.5 0 -3.35379 1.01458 -1.9055 0 0
0 0 9 -0.75 0.4 4.06364 7 6.00274 0.5 0 -3.63093 1.13073 -1.49692 0 0
0 0 9 -0.75 0.4 4.06364 8 5.99791 0.5 0 -3.69296 0.965687 -1.71979 0 0
0 0 9 -0.75 0.4 4.06364 9 5.99459 0.5 0 -3.17281 -1.95146 -1.57934 0 0
0 0 10 -0.75 0.4 4.38182 0 5.97037 0.5 0 -3.76895 -0.850881 -2.71138 0 0
0 0 10 -0.75 0.4 4.38182 1 4.79784 0.375 0 -3.27599 -0.593763 -1.86739 0 0
0 0 10 -0.75 0.4 4.38182 2 4.78556 0.375 0 -3.47247 -0.491676 -1.75142 0 0
0 0 10 -0.75 0.4 4.38182 3 4.75644 0.375 0 -3.6685 -0.614034 -2.0278 0 0
0 0 10 -0.75 0.4 4.38182 4 4.71504 0.375 0 -3.42127 -1.99025 -2.0971 0 0
0 0 10 -0.75 0.4 4.38182 5 2.2927 0.125 0 -3.44619 0.577759 -1.27163 0 0
0 0 10 -0.75 0.4 4.38182 6 2.25987 0.125 0 -3.57811 -1.04935 -1.6693 0 0
0 0 10 -0.75 0.4 4.38182 7 2.25914 0.125 0 -3.4956 -1.02615 -2.26213 0 0
0 0 10 -0.75 0.4 4.38182 8 2.24918 0.125 0 -3.53514 -0.896112 -2.74027 0 0
0 0 10 -0.75 0.4 4.38182 9 2.2357 0.125 0 -3.70707 -0.686168 -2.68482 0 0
0 0 11 -0.75 0.4 4.7 0 4.70925 0.375 0 -3.5173 -1.83774 -2.47348 0 0
0 0 11 -0.75 0.4 4.7 1 4.70396 0.375 0 -3.78111 -1.7062 -1.17156 0 0
0 0 11 -0.75 0.4 4.7 2 4.67633 0.375 0 -3.73249 -2.12337 -1.65907 0 0
0 0 11 -0.75 0.4 4.7 3 3.508 0.25 0 -3.72173 -0.455111 -1.6699 0 0
0 0 11 -0.75 0.4 4.7 4 3.43809 0.25 0 -3.31953 -0.987724 -1.11637 0 0
0 0 11 -0.75 0.4 4.7 5 3.40955 0.25 0 -2.74313 -1.80274 -1.00087 0 0
0 0 11 -0.75 0.4 4.7 6 2.28735 0.125 0 -3.49962 -0.698392 -1.01808 0 0
0 0 11 -0.75 0.4 4.7 7 2.26746 0.125 0 -3.59635 -0.10026 -2.27744 0 0
0 0 11 -0.75 0.4 4.7 8 2.25409 0.125 0 -3.72441 0.284357 -2.02602 0 0
0 0 11 -0.75 0.4 4.7 9 2.24151 0.125 0 -3.76145 0.472783 -2.23027 0 0
0 1 0 -0.75 0.45 1.2 0 11.1038 1 0 -0.0283035 0.337717 -1.90842 0 0
0 1 0 -0.75 0.45 1.2 1 11.0943 1 0 -0.106538 0.522537 -2.27231 0 0
0 1 0 -0.75 0.45 1.2 2 11.0745 1 0 -0.254084 1.35498 -1.73069 0 0
0 1 0 -0.75 0.45 1.2 3 11.0565 1 0 -0.546248 1.65986 -1.67885 0 0
0 1 0 -0.75 0.45 1.2 4 11.0563 1 0 -0.161407 -1.54458 -2.18562 0 0
0 1 0 -0.75 0.45 1.2 5 11.0551 1 0 -0.710959 1.72137 -1.41063 0 0
0 1 0 -0.75 0.45 1.2 6 11.0212 1 0 -0.437083 -2.11554 -1.93933 0 0
0 1 0 -0.75 0.45 1.2 7 9.84359 0.875 0 -0.0373095 -0.543474 -2.28048 0 0
0 1 0 -0.75 0.45 1.2 8 9.82457 0.875 0 -1.00325 -0.41448 -2.97566 0 0
0 1 0 -0.75 0.45 1.2 9 9.79939 0.875 0 0.478227 -1.09746 -2.28076 0 0
0 1 1 -0.75 0.45 1.51818 0 11.1008 1 0 -0.39784 0.205278 -2.10475 0 0
0 1 1 -0.75 0.45 1.51818 1 11.0929 1 0 -0.335535 0.0984835 -2.52501 0 0
0 1 1 -0.75 0.45 1.51818 2 11.0919 1 0 -0.30757 0.0682845 -2.58935 0 0
0 1 1 -0.75 0.45 1.51818 3 11.0863 1 0 -0.532559 1.06662 -1.69065 0 0
0 1 1 -0.75 0.45 1.51818 4 11.0851 1 0 -0.200951 -1.04266 -1.92352 0 0
0 1 1 -0.75 0.45 1.51818 5 11.0832 1 0 -1.12285 1.14185 -1.37504 0 0
0 1 1 -0.75 0.45 1.51818 6 11.0823 1 0 -0.676455 0.114724 -2.88971 0 0
0 1 1 -0.75 0.45 1.51818 7 11.078 1 0 0.42124 -0.559912 -1.90582 0 0
0 1 1 -0.75 0.45 1.51818 8 11.0763 1 0 -0.0640553 -1.13962 -2.218 0 0
0 1 1 -0.75 0.45 1.51818 9 11.0634 1 0 -1.06506 -0.987945 -2.79129 0 0
0 1 2 -0.75 0.45 1.83636 0 9.85489 0.875 0 -0.686017 0.562107 -1.39328 0 0
0 1 2 -0.75 0.45 1.83636 1 9.84949 0.875 0 -0.483847 -0.533479 -1.90346 0 0
0 1 2 -0.75 0.45 1.83636 2 9.84447 0.875 0 -0.349192 0.145782 -2.43529 0 0
0 1 2 -0.75 0.45 1.83636 3 9.84154 0.875 0 -0.462913 -0.455938 -2.40534 0 0
0 1 2 -0.75 0.45 1.83636 4 9.83975 0.875 0 -0.651794 -0.052619 -2.60481 0 0
0 1 2 -0.75 0.45 1.83636 5 9.83803 0.875 0 -0.534498 0.743715 -2.22162 0 0
0 1 2 -0.75 0.45 1.83636 6 9.82207 0.875 0 -0.499879 -1.45619 -1.4323 0 0
0 1 2 -0.75 0.45 1.83636 7 9.81769 0.875 0 -1.40294 -0.763771 -2.75667 0 0
0 1 2 -0.75 0.45 1.83636 8 9.81353 0.875 0 -1.32854 -0.748462 -2.99022 0 0
0 1 2 -0.75 0.45 1.83636 9 9.80755 0.875 0 -1.25432 -1.45417 -1.97658 0 0
0 1 3 -0.75 0.45 2.15455 0 8.61155 0.75 0 -1.02939 0.0989469 -1.04348 0 0
0 1 3 -0.75 0.45 2.15455 1 8.60659 0.75 0 -0.747229 0.34572 -1.52651 0 0
0 1 3 -0.75 0.45 2.15455 2 8.59392 0.75 0 -0.641702 -0.580286 -2.1133 0 0
0 1 3 -0.75 0.45 2.15455 3 8.5851 0.75 0 -1.12297 0.97964 -1.70806 0 0
0 1 3 -0.75 0.45 2.15455 4 8.57897 0.75 0 -0.913989 -1.0006 -2.13104 0 0
0 1 3 -0.75 0.45 2.15455 5 8.57254 0.75 0 -0.495637 -1.16221 -2.2785 0 0
0 1 3 -0.75 0.45 2.15455 6 8.57223 0.75 0 -1.63474 -0.80965 -2.37886 0 0
0 1 3 -0.75 0.45 2.15455 7 8.5717 0.75 0 -1.64647 1.14292 -1.73542 0 0
0 1 3 -0.75 0.45 2.15455 8 8.56941 0.75 0 -1.36016 -1.09803 -2.18648 0 0
0 1 3 -0.75 0.45 2.15455 9 8.56269 0.75 0 -1.25012 1.20973 -2.34245 0 0
0 1 4 -0.75 0.45 2.47273 0 9.85329 0.875 0 -1.40983 0.389013 -1.17282 0 0
0 1 4 -0.75 0.45 2.47273 1 9.84859 0.875 0 -1.29531 0.532967 -1.5094 0 0
0 1 4 -0.75 0.45 2.47273 2 9.84734 0.875 0 -0.829179 -0.326929 -2.08203 0 0
0 1 4 -0.75 0.45 2.47273 3 9.8462 0.875 0 -1.53386 0.727021 -1.03468 0 0
0 1 4 -0.75 0.45 2.47273 4 9.84539 0.875 0 -1.49422 0.512319 -1.59073 0 0
0 1 4 -0.75 0.45 2.47273 5 9.84049 0.875 0 -0.997307 -0.953857 -1.47584 0 0
0 1 4 -0.75 0.45 2.47273 6 9.83887 0.875 0 -1.3228 0.484093 -2.14711 0 0
0 1 4 -0.75 0.45 2.47273 7 9.83677 0.875 0 -0.6919 -0.583823 -2.1538 0 0
0 1 4 -0.75 0.45 2.47273 8 9.83648 0.875 0 -1.41429 0.0101465 -2.40913 0 0
0 1 4 -0.75 0.45 2.47273 9 9.83514 0.875 0 -1.19331 -0.993171 -1.60609 0 0
0 1 5 -0.75 0.45 2.79091 0 11.08 1 0 -1.60403 -0.904467 -1.81305 0 0
0 1 5 -0.75 0.45 2.79091 1 11.0773 1 0 -1.95288 0.679298 -2.04418 0 0
0 1 5 -0.75 0.45 2.79091 2 11.0673 1 0 -2.31936 -0.536326 -2.38261 0 0
0 1 5 -0.75 0.45 2.79091 3 11.0657 1 0 -1.84242 -0.446608 -2.88808 0 0
0 1 5 -0.75 0.45 2.79091 4 11.0636 1 0 -1.46728 -0.907265 -2.72371 0 0
0 1 5 -0.75 0.45 2.79091 5 11.0359 1 0 -1.12254 -1.65378 -2.55974 0 0
0 1 5 -0.75 0.45 2.79091 6 11.0233 1 0 -2.05175 -1.9445 -1.42595 0 0
0 1 5 -0.75 0.45 2.79091 7 11.0178 1 0 -1.45089 -1.83309 -2.67081 0 0
0 1 5 -0.75 0.45 2.79091 8 11.0121 1 0 -2.681 1.5907 -2.64312 0 0
0 1 5 -0.75 0.45 2.79091 9 11.0078 1 0 -3.18345 1.79115 -1.38242 0 0
0 1 6 -0.75 0.45 3.10909 0 11.0786 1 0 -2.00377 -0.544309 -2.10122 0 0
0 1 6 -0.75 0.45 3.10909 1 11.0703 1 0 -2.30099 0.411269 -2.3562 0 0
0 1 6 -0.75 0.45 3.10909 2 11.0473 1 0 -2.90934 -0.354081 -2.81073 0 0
0 1 6 -0.75 0.45 3.10909 3 11.032 1 0 -1.89511 -1.4713 -2.72615 0 0
0 1 6 -0.75 0.45 3.10909 4 9.81219 0.875 0 -1.99124 -1.32298 -1.43501 0 0
0 1 6 -0.75 0.45 3.10909 5 9.80031 0.875 0 -2.16234 0.942719 -2.76937 0 0
0 1 6 -0.75 0.45 3.10909 6 9.78791 0.875 0 -2.80788 -1.27234 -2.06354 0 0
0 1 6 -0.75 0.45 3.10909 7 9.78111 0.875 0 -2.59998 -1.69499 -1.25354 0 0
0 1 6 -0.75 0.45 3.10909 8 9.7766 0.875 0 -2.73372 -1.71821 -1.28378 0 0
0 1 6 -0.75 0.45 3.10909 9 9.75322 0.875 0 -2.29027 -2.14696 -1.43362 0 0
0 1 7 -0.75 0.45 3.42727 0 9.81165 0.875 0 -2.80478 0.888226 -1.54877 0 0
0 1 7 -0.75 0.45 3.42727 1 9.79481 0.875 0 -2.69978 0.898348 -2.59838 0 0
0 1 7 -0.75 0.45 3.42727 2 9.77859 0.875 0 -3.49875 -0.304718 -2.16612 0 0
0 1 7 -0.75 0.45 3.42727 3 8.52349 0.75 0 -2.78627 1.16238 -2.95093 0 0
0 1 7 -0.75 0.45 3.42727 4 7.32693 0.625 0 -2.309 -0.482103 -1.93981 0 0
0 1 7 -0.75 0.45 3.42727 5 7.32683 0.625 0 -2.39708 -0.104729 -2.07628 0 0
0 1 7 -0.75 0.45 3.42727 6 7.31048 0.625 0 -1.96885 -1.20027 -1.95313 0 0
0 1 7 -0.75 0.45 3.42727 7 7.31009 0.625 0 -2.43616 -1.25231 -1.13446 0 0
0 1 7 -0.75 0.45 3.42727 8 7.30786 0.625 0 -2.73855 -0.0571556 -2.63746 0 0
0 1 7 -0.75 0.45 3.42727 9 7.30382 0.625 0 -2.553 0.065413 -2.96893 0 0
0 1 8 -0.75 0.45 3.74545 0 8.56249 0.75 0 -2.84794 0.60808 -1.95021 0 0
0 1 8 -0.75 0.45 3.74545 1 7.30019 0.625 0 -3.08128 -1.11525 -1.24554 0 0
0 1 8 -0.75 0.45 3.74545 2 7.29495 0.625 0 -2.4325 -1.07367 -2.54397 0 0
0 1 8 -0.75 0.45 3.74545 3 7.28337 0.625 0 -3.38812 0.427974 -2.3428 0 0
0 1 8 -0.75 0.45 3.74545 4 7.24586 0.625 0 -3.69388 -0.432479 -2.55431 0 0
0 1 8 -0.75 0.45 3.74545 5 7.15289 0.625 0 -3.23391 1.63019 -1.99397 0 0
0 1 8 -0.75 0.45 3.74545 6 6.05224 0.5 0 -2.85809 0.838737 -2.16026 0 0
0 1 8 -0.75 0.45 3.74545 7 6.04794 0.5 0 -3.23546 0.758902 -1.7925 0 0
0 1 8 -0.75 0.45 3.74545 8 6.04466 0.5 0 -3.07925 -0.708474 -2.43546 0 0
0 1 8 -0.75 0.45 3.74545 9 6.04124 0.5 0 -2.82426 -1.21276 -2.01772 0 0
0 1 9 -0.75 0.45 4.06364 0 7.30978 0.625 0 -2.80912 -0.348445 -2.36921 0 0
0 1 9 -0.75 0.45 4.06364 1 7.29584 0.625 0 -3.24041 0.617074 -2.10354 0 0
0 1 9 -0.75 0.45 4.06364 2 7.26445 0.625 0 -3.51994 -0.265403 -2.73826 0 0
0 1 9 -0.75 0.45 4.06364 3 6.04232 0.5 0 -3.07598 -0.025605 -2.93081 0 0
0 1 9 -0.75 0.45 4.06364 4 6.01194 0.5 0 -3.5754 1.10435 -1.37476 0 0
0 1 9 -0.75 0.45 4.06364 5 4.82407 0.375 0 -2.92852 -0.508889 -1.08098 0 0
0 1 9 -0.75 0.45 4.06364 6 4.78819 0.375 0 -3.45184 -0.350163 -1.84546 0 0
0 1 9 -0.75 0.45 4.06364 7 4.77371 0.375 0 -3.10588 -1.10721 -2.72284 0 0
0 1 9 -0.75 0.45 4.06364 8 4.76466 0.375 0 -3.58313 0.929092 -1.60572 0 0
0 1 9 -0.75 0.45 4.06364 9 4.75268 0.375 0 -3.73667 -0.711433 -1.48002 0 0
0 1 10 -0.75 0.45 4.38182 0 4.79132 0.375 0 -3.13466 -0.808157 -2.36489 0 0
0 1 10 -0.75 0.45 4.38182 1 4.75543 0.375 0 -2.06902 -2.02781 -1.77617 0 0
0 1 10 -0.75 0.45 4.38182 2 4.69535 0.375 0 -3.76739 -1.51756 -2.53469 0 0
0 1 10 -0.75 0.45 4.38182 3 3.55863 0.25 0 -3.26808 -0.36094 -1.45652 0 0
0 1 10 -0.75 0.45 4.38182 4 3.55197 0.25 0 -3.08197 -0.469725 -2.33346 0 0
0 1 10 -0.75 0.45 4.38182 5 3.53542 0.25 0 -3.46354 -0.576801 -1.70407 0 0
0 1 10 -0.75 0.45 4.38182 6 3.52131 0.25 0 -3.60412 0.419903 -1.84752 0 0
0 1 10 -0.75 0.45 4.38182 7 3.51558 0.25 0 -3.35352 -0.926591 -2.70044 0 0
0 1 10 -0.75 0.45 4.38182 8 3.47571 0.25 0 -3.44635 -1.56362 -2.80349 0 0
0 1 10 -0.75 0.45 4.38182 9 2.2855 0.125 0 -3.58032 -0.282332 -1.1134 0 0
0 1 11 -0.75 0.45 4.7 0 7.25764 0.625 0 -2.25113 -2.09662 -1.4484 0 0
0 1 11 -0.75 0.45 4.7 1 6.00878 0.5 0 -3.72899 -0.706735 -1.05907 0 0
0 1 11 -0.75 0.45 4.7 2 5.99982 0.5 0 -2.45123 -2.05291 -1.92918 0 0
0 1 11 -0.75 0.45 4.7 3 5.98509 0.5 0 -3.07336 -1.84491 -2.68742 0 0
0 1 11 -0.75 0.45 4.7 4 5.98356 0.5 0 -3.22797 -2.08682 -1.40845 0 0
0 1 11 -0.75 0.45 4.7 5 5.95161 0.5 0 -3.76668 -1.70042 -1.60145 0 0
0 1 11 -0.75 0.45 4.7 6 4.76886 0.375 0 -3.10343 -1.37961 -2.38332 0 0
0 1 11 -0.75 0.45 4.7 7 4.70461 0.375 0 -3.58766 -1.98668 -1.747 0 0
0 1 11 -0.75 0.45 4.7 8 4.67536 0.375 0 -3.67828 -2.16366 -2.00662 0 0
0 1 11 -0.75 0.45 4.7 9 3.53507 0.25 0 -3.46716 -0.221572 -2.02491 0 0
0 2 0 -0.75 0.5 1.2 0 11.105 1 0 0.0654999 0.60153 -1.39203 0 0
0 2 0 -0.75 0.5 1.2 1 11.0733 1 0 0.308999 0.0373489 -2.7974 0 0
0 2 0 -0.75 0.5 1.2 2 11.0218 1 0 -0.545056 -1.83159 -2.84941 0 0
0 2 0 -0.75 0.5 1.2 3 9.83388 0.875 0 -0.382487 -0.480881 -2.72899 0 0
0 2 0 -0.75 0.5 1.2 4 9.83243 0.875 0 0.36361 -0.784058 -1.53674 0 0
0 2 0 -0.75 0.5 1.2 5 9.82781 0.875 0 0.292511 -1.04314 -1.57244 0 0
0 2 0 -0.75 0.5 1.2 6 9.82721 0.875 0 -0.154879 -0.838758 -2.67251 0 0
0 2 0 -0.75 0.5 1.2 7 9.8224 0.875 0 -0.968981 -0.571321 -2.96466 0 0
0 2 0 -0.75 0.5 1.2 8 9.82087 0.875 0 0.247802 -1.28975 -1.48437 0 0
0 2 0 -0.75 0.5 1.2 9 9.82085 0.875 0 0.277425 -0.181911 -2.9466 0 0
0 2 1 -0.75 0.5 1.51818 0 11.0893 1 0 -0.233341 -0.59087 -2.42727 0 0
0 2 1 -0.75 0.5 1.51818 1 11.0792 1 0 -0.783609 0.458269 -2.84455 0 0
0 2 1 -0.75 0.5 1.51818 2 11.0634 1 0 -0.658464 1.10132 -2.76328 0 0
0 2 1 -0.75 0.5 1.51818 3 11.051 1 0 -1.11993 1.72227 -1.47921 0 0
0 2 1 -0.75 0.5 1.51818 4 11.0426 1 0 0.173734 -1.73589 -1.93996 0 0
0 2 1 -0.75 0.5 1.51818 5 11.036 1 0 0.521059 -1.45387 -1.85555 0 0
0 2 1 -0.75 0.5 1.51818 6 11.0328 1 0 -0.371708 -2.02532 -1.64239 0 0
0 2 1 -0.75 0.5 1.51818 7 9.85478 0.875 0 -0.330127 0.404933 -1.7504 0 0
0 2 1 -0.75 0.5 1.51818 8 9.83402 0.875 0 0.0169902 -0.247956 -2.86092 0 0
0 2 1 -0.75 0.5 1.51818 9 9.82899 0.875 0 -0.394295 1.07021 -2.17226 0 0
0 2 2 -0.75 0.5 1.83636 0 8.60822 0.75 0 -0.869644 0.41517 -1.20494 0 0
0 2 2 -0.75 0.5 1.83636 1 8.60457 0.75 0 -0.635528 -0.137343 -1.84723 0 0
0 2 2 -0.75 0.5 1.83636 2 8.60252 0.75 0 -0.109831 -0.353519 -1.98341 0 0
0 2 2 -0.75 0.5 1.83636 3 8.5916 0.75 0 -0.252051 -1.07497 -1.41174 0 0
0 2 2 -0.75 0.5 1.83636 4 8.58651 0.75 0 -0.668854 0.466815 -2.56162 0 0
0 2 2 -0.75 0.5 1.83636 5 8.58121 0.75 0 -0.863301 -0.201612 -2.85103 0 0
0 2 2 -0.75 0.5 1.83636 6 8.5658 0.75 0 -1.53707 1.46882 -1.03495 0 0
0 2 2 -0.75 0.5 1.83636 7 8.56471 0.75 0 -0.755505 -1.27555 -2.33284 0 0
0 2 2 -0.75 0.5 1.83636 8 8.55795 0.75 0 -0.863878 -1.6645 -1.37892 0 0
0 2 2 -0.75 0.5 1.83636 9 8.54696 0.75 0 -1.43008 1.4211 -2.494 0 0
0 2 3 -0.75 0.5 2.15455 0 8.60512 0.75 0 -0.908927 0.321478 -1.55384 0 0
0 2 3 -0.75 0.5 2.15455 1 8.60372 0.75 0 -0.931793 0.296377 -1.66841 0 0
0 2 3 -0.75 0.5 2.15455 2 8.59474 0.75 0 -1.07804 0.720685 -1.6255 0 0
0 2 3 -0.75 0.5 2.15455 3 8.58176 0.75 0 -0.605745 -0.613246 -2.66547 0 0
0 2 3 -0.75 0.5 2.15455 4 8.58077 0.75 0 -1.41651 0.975876 -1.75751 0 0
0 2 3 -0.75 0.5 2.15455 5 8.57284 0.75 0 -0.575626 -1.2808 -1.95466 0 0
0 2 3 -0.75 0.5 2.15455 6 8.56906 0.75 0 -1.62113 -1.05254 -2.12251 0 0
0 2 3 -0.75 0.5 2.15455 7 8.56516 0.75 0 -1.41047 1.20756 -2.11888 0 0
0 2 3 -0.75 0.5 2.15455 8 8.5614 0.75 0 -1.20745 1.00983 -2.78102 0 0
0 2 3 -0.75 0.5 2.15455 9 8.54932 0.75 0 -0.520932 -1.63218 -2.1974 0 0
0 2 4 -0.75 0.5 2.47273 0 9.84238 0.875 0 -1.34812 0.666844 -1.68645 0 0
0 2 4 -0.75 0.5 2.47273 1 9.83258 0.875 0 -0.914632 -0.0922704 -2.81065 0 0
0 2 4 -0.75 0.5 2.47273 2 9.83201 0.875 0 -1.6036 0.931254 -1.62 0 0
0 2 4 -0.75 0.5 2.47273 3 9.82514 0.875 0 -1.82461 1.19527 -1.0541 0 0
0 2 4 -0.75 0.5 2.47273 4 9.8211 0.875 0 -1.5126 0.551907 -2.78713 0 0
0 2 4 -0.75 0.5 2.47273 5 9.81995 0.875 0 -1.73047 -0.289952 -2.86006 0 0
0 2 4 -0.75 0.5 2.47273 6 9.81965 0.875 0 -1.87959 -0.497831 -2.65994 0 0
0 2 4 -0.75 0.5 2.47273 7 9.81638 0.875 0 -1.9201 0.486773 -2.76382 0 0
0 2 4 -0.75 0.5 2.47273 8 9.80836 0.875 0 -2.13299 -0.653618 -2.80852 0 0
0 2 4 -0.75 0.5 2.47273 9 9.8071 0.875 0 -1.89521 0.764417 -2.89971 0 0
0 2 5 -0.75 0.5 2.79091 0 11.0971 1 0 -1.55193 0.416477 -1.50511 0 0
0 2 5 -0.75 0.5 2.79091 1 11.0852 1 0 -1.24723 -1.09748 -1.22808 0 0
0 2 5 -0.75 0.5 2.79091 2 11.0786 1 0 -1.84193 0.198403 -2.46872 0 0
0 2 5 -0.75 0.5 2.79091 3 11.0778 1 0 -2.12655 0.925277 -1.31282 0 0
0 2 5 -0.75 0.5 2.79091 4 11.0651 1 0 -2.18803 -0.728457 -2.39303 0 0
0 2 5 -0.75 0.5 2.79091 5 11.0596 1 0 -2.27445 -0.585903 -2.70221 0 0
0 2 5 -0.75 0.5 2.79091 6 11.0562 1 0 -2.46337 -1.15945 -1.74319 0 0
0 2 5 -0.75 0.5 2.79091 7 11.0494 1 0 -1.90275 -1.28131 -2.37832 0 0
0 2 5 -0.75 0.5 2.79091 8 11.0475 1 0 -2.21763 1.5643 -1.22733 0 0
0 2 5 -0.75 0.5 2.79091 9 11.0372 1 0 -2.70307 1.05922 -2.66845 0 0
0 2 6 -0.75 0.5 3.10909 0 11.0565 1 0 -2.67291 -0.721765 -2.33245 0 0
0 2 6 -0.75 0.5 3.10909 1 11.0206 1 0 -3.06631 1.29629 -2.54702 0 0
0 2 6 -0.75 0.5 3.10909 2 10.9977 1 0 -3.36566 1.27375 -2.81261 0 0
0 2 6 -0.75 0.5 3.10909 3 10.9796 1 0 -3.48341 1.46896 -2.72171 0 0
0 2 6 -0.75 0.5 3.10909 4 9.83036 0.875 0 -2.05402 0.0904765 -2.23509 0 0
0 2 6 -0.75 0.5 3.10909 5 9.82761 0.875 0 -1.90079 -0.534501 -2.23655 0 0
0 2 6 -0.75 0.5 3.10909 6 9.82172 0.875 0 -1.73988 -0.950503 -2.06941 0 0
0 2 6 -0.75 0.5 3.10909 7 9.81798 0.875 0 -1.80053 -0.57449 -2.72321 0 0
0 2 6 -0.75 0.5 3.10909 8 9.79628 0.875 0 -2.20679 -1.5909 -1.21635 0 0
0 2 6 -0.75 0.5 3.10909 9 9.78692 0.875 0 -2.59489 0.939522 -2.94326 0 0
0 2 7 -0.75 0.5 3.42727 0 9.81038 0.875 0 -2.7811 -0.193684 -2.43583 0 0
0 2 7 -0.75 0.5 3.42727 1 9.78427 0.875 0 -3.10882 1.20545 -2.01267 0 0
0 2 7 -0.75 0.5 3.42727 2 9.76454 0.875 0 -3.61507 0.199015 -2.2854 0 0
0 2 7 -0.75 0.5 3.42727 3 9.7624 0.875 0 -2.88412 -1.65084 -2.24012 0 0
0 2 7 -0.75 0.5 3.42727 4 8.58363 0.75 0 -2.13466 -0.359983 -1.85186 0 0
0 2 7 -0.75 0.5 3.42727 5 8.56044 0.75 0 -2.74689 0.45473 -2.33714 0 0
0 2 7 -0.75 0.5 3.42727 6 8.55611 0.75 0 -2.92786 -1.08407 -1.17248 0 0
0 2 7 -0.75 0.5 3.42727 7 8.53148 0.75 0 -3.30947 0.818983 -2.29345 0 0
0 2 7 -0.75 0.5 3.42727 8 8.52502 0.75 0 -3.19708 1.29963 -2.06318 0 0
0 2 7 -0.75 0.5 3.42727 9 8.51446 0.75 0 -3.39843 0.808608 -2.75393 0 0
0 2 8 -0.75 0.5 3.74545 0 8.57089 0.75 0 -2.91206 0.226371 -1.69642 0 0
0 2 8 -0.75 0.5 3.74545 1 8.50735 0.75 0 -2.76575 -1.79547 -2.15089 0 0
0 2 8 -0.75 0.5 3.74545 2 7.31738 0.625 0 -2.80863 -0.672205 -1.58442 0 0
0 2 8 -0.75 0.5 3.74545 3 7.24632 0.625 0 -2.65887 -2.1747 -1.18063 0 0
0 2 8 -0.75 0.5 3.74545 4 7.23178 0.625 0 -3.51527 -1.44047 -2.55971 0 0
0 2 8 -0.75 0.5 3.74545 5 6.07762 0.5 0 -2.97369 -0.0896819 -1.06127 0 0
0 2 8 -0.75 0.5 3.74545 6 6.07615 0.5 0 -2.76898 0.106541 -1.60514 0 0
0 2 8 -0.75 0.5 3.74545 7 6.0723 0.5 0 -3.09702 0.149391 -1.25539 0 0
0 2 8 -0.75 0.5 3.74545 8 6.06947 0.5 0 -2.90588 0.206291 -1.80988 0 0
0 2 8 -0.75 0.5 3.74545 9 6.05224 0.5 0 -3.12211 0.567339 -2.15278 0 0
0 2 9 -0.75 0.5 4.06364 0 7.28166 0.625 0 -3.49359 0.261267 -2.05389 0 0
0 2 9 -0.75 0.5 4.06364 1 7.27098 0.625 0 -3.07427 -1.54246 -1.84927 0 0
0 2 9 -0.75 0.5 4.06364 2 7.24945 0.625 0 -3.65881 0.28401 -2.6872 0 0
0 2 9 -0.75 0.5 4.06364 3 7.23986 0.625 0 -3.20495 -1.95812 -1.75557 0 0
0 2 9 -0.75 0.5 4.06364 4 5.99994 0.5 0 -3.65557 -0.0920814 -2.7401 0 0
0 2 9 -0.75 0.5 4.06364 5 5.95251 0.5 0 -3.71321 -1.44349 -2.77928 0 0
0 2 9 -0.75 0.5 4.06364 6 4.78973 0.375 0 -3.40285 -0.751299 -1.47382 0 0
0 2 9 -0.75 0.5 4.06364 7 4.7586 0.375 0 -3.67797 -0.637226 -1.79384 0 0
0 2 9 -0.75 0.5 4.06364 8 4.74761 0.375 0 -2.88792 -1.95745 -1.91906 0 0
0 2 9 -0.75 0.5 4.06364 9 3.53715 0.25 0 -3.17982 -0.811478 -2.45948 0 0
0 2 10 -0.75 0.5 4.38182 0 7.26138 0.625 0 -2.41912 -1.81652 -2.26205 0 0
0 2 10 -0.75 0.5 4.38182 1 6.0359 0.5 0 -3.46275 -0.0696522 -2.04732 0 0
0 2 10 -0.75 0.5 4.38182 2 6.02556 0.5 0 -3.59342 0.690559 -1.21455 0 0
0 2 10 -0.75 0.5 4.38182 3 4.81971 0.375 0 -3.14627 -0.254104 -1.24448 0 0
0 2 10 -0.75 0.5 4.38182 4 4.7956 0.375 0 -2.74909 -1.40929 -1.14755 0 0
0 2 10 -0.75 0.5 4.38182 5 4.77423 0.375 0 -3.35766 -0.10567 -2.97127 0 0
0 2 10 -0.75 0.5 4.38182 6 4.76809 0.375 0 -2.27315 -1.85474 -1.91121 0 0
0 2 10 -0.75 0.5 4.38182 7 4.75636 0.375 0 -3.73036 0.360951 -1.78047 0 0
0 2 10 -0.75 0.5 4.38182 8 4.68871 0.375 0 -3.78613 -1.51174 -2.69056 0 0
0 2 10 -0.75 0.5 4.38182 9 3.55702 0.25 0 -3.14442 -0.821988 -1.36472 0 0
0 2 11 -0.75 0.5 4.7 0 6.03218 0.5 0 -3.54983 -0.692798 -1.03244 0 0
0 2 11 -0.75 0.5 4.7 1 6.01347 0.5 0 -2.97531 -1.35293 -2.81794 0 0
0 2 11 -0.75 0.5 4.7 2 4.76588 0.375 0 -2.56994 -1.74727 -2.11198 0 0
0 2 11 -0.75 0.5 4.7 3 4.68186 0.375 0 -3.70381 -1.7951 -2.81062 0 0
0 2 11 -0.75 0.5 4.7 4 3.54076 0.25 0 -3.50954 -0.0044904 -1.44713 0 0
0 2 11 -0.75 0.5 4.7 5 3.52357 0.25 0 -3.44106 -1.19131 -1.21482 0 0
0 2 11 -0.75 0.5 4.7 6 2.2767 0.125 0 -2.90967 -1.32609 -2.38577 0 0
0 2 11 -0.75 0.5 4.7 7 2.27476 0.125 0 -3.5563 -0.405251 -1.97765 0 0
0 2 11 -0.75 0.5 4.7 8 2.26167 0.125 0 -2.6861 -1.66733 -2.45091 0 0
0 3 0 -0.75 0.55 1.2 0 11.0564 1 0 -0.894746 1.11686 -2.93226 0 0
0 3 0 -0.75 0.55 1.2 1 9.82732 0.875 0 -0.248417 -0.823603 -2.68757 0 0
0 3 0 -0.75 0.55 1.2 2 9.75143 0.875 0 -0.342973 -2.11179 -2.87994 0 0
0 3 0 -0.75 0.55 1.2 3 9.70224 0.875 0 0.689305 -2.05583 -2.88098 0 0
0 3 0 -0.75 0.55 1.2 4 8.6019 0.75 0 0.210264 -0.571041 -1.12503 0 0
0 3 0 -0.75 0.55 1.2 5 8.59855 0.75 0 -0.0350874 -0.230997 -2.25703 0 0
0 3 0 -0.75 0.55 1.2 6 8.59666 0.75 0 -0.427816 0.657215 -1.93151 0 0
0 3 0 -0.75 0.55 1.2 7 8.58383 0.75 0 0.35054 0.192273 -2.16435 0 0
0 3 0 -0.75 0.55 1.2 8 8.55178 0.75 0 -0.35081 1.77002 -1.57531 0 0
0 3 0 -0.75 0.55 1.2 9 8.51071 0.75 0 -0.065827 1.39921 -2.00009 0 0
0 3 1 -0.75 0.55 1.51818 0 11.1016 1 0 0.0237395 -0.367151 -1.97214 0 0
0 3 1 -0.75 0.55 1.51818 1 11.0979 1 0 -0.335198 0.0418514 -2.29913 0 0
0 3 1 -0.75 0.55 1.51818 2 11.0955 1 0 -0.168922 0.337544 -2.33527 0 0
0 3 1 -0.75 0.55 1.51818 3 11.0953 1 0 -0.648092 0.836205 -1.61556 0 0
0 3 1 -0.75 0.55 1.51818 4 11.0937 1 0 -0.00305028 -1.02275 -1.38799 0 0
0 3 1 -0.75 0.55 1.51818 5 11.0757 1 0 0.367219 -0.907948 -1.71652 0 0
0 3 1 -0.75 0.55 1.51818 6 11.0652 1 0 -0.273683 -1.06717 -2.82851 0 0
0 3 1 -0.75 0.55 1.51818 7 11.054 1 0 -0.697711 1.45993 -2.39772 0 0
0 3 1 -0.75 0.55 1.51818 8 11.054 1 0 -0.313412 -1.83759 -1.03417 0 0
0 3 1 -0.75 0.55 1.51818 9 11.0498 1 0 -0.522301 1.35349 -2.86646 0 0
0 3 2 -0.75 0.55 1.83636 0 9.83827 0.875 0 0.00141887 -1.13301 -1.46482 0 0
0 3 2 -0.75 0.55 1.83636 1 9.82855 0.875 0 0.108818 -0.831734 -2.47376 0 0
0 3 2 -0.75 0.55 1.83636 2 9.82703 0.875 0 0.0353487 -1.32075 -1.61535 0 0
0 3 2 -0.75 0.55 1.83636 3 9.82231 0.875 0 -1.29261 -1.07411 -2.13538 0 0
0 3 2 -0.75 0.55 1.83636 4 9.81484 0.875 0 -0.322529 -1.32265 -2.33147 0 0
0 3 2 -0.75 0.55 1.83636 5 9.79512 0.875 0 -0.286878 -1.86741 -1.62963 0 0
0 3 2 -0.75 0.55 1.83636 6 9.79289 0.875 0 -1.74673 1.65372 -1.75164 0 0
0 3 2 -0.75 0.55 1.83636 7 9.78132 0.875 0 -0.147161 -1.89565 -2.31706 0 0
0 3 2 -0.75 0.55 1.83636 8 9.77494 0.875 0 -0.0222456 -2.19544 -1.28251 0 0
0 3 2 -0.75 0.55 1.83636 9 9.75309 0.875 0 -2.35326 1.7606 -2.86501 0 0
0 3 3 -0.75 0.55 2.15455 0 8.60962 0.75 0 -0.591312 -0.567492 -1.02701 0 0
0 3 3 -0.75 0.55 2.15455 1 8.60506 0.75 0 -0.831099 0.243949 -1.66888 0 0
0 3 3 -0.75 0.55 2.15455 2 8.60236 0.75 0 -0.936771 -0.168365 -1.82623 0 0
0 3 3 -0.75 0.55 2.15455 3 8.59839 0.75 0 -0.923979 0.167544 -2.05987 0 0
0 3 3 -0.75 0.55 2.15455 4 8.59569 0.75 0 -1.1338 0.588607 -1.75562 0 0
0 3 3 -0.75 0.55 2.15455 5 8.59271 0.75 0 -0.304652 -0.55331 -2.29253 0 0
0 3 3 -0.75 0.55 2.15455 6 8.59236 0.75 0 -0.46693 -1.05315 -1.34351 0 0
0 3 3 -0.75 0.55 2.15455 7 8.58134 0.75 0 -1.10224 0.773605 -2.30536 0 0
0 3 3 -0.75 0.55 2.15455 8 8.57896 0.75 0 -1.36986 0.346924 -2.67249 0 0
0 3 3 -0.75 0.55 2.15455 9 8.57066 0.75 0 -0.467137 -1.47147 -1.50446 0 0
0 3 4 -0.75 0.55 2.47273 0 9.85596 0.875 0 -1.08043 -0.438756 -1.21742 0 0
0 3 4 -0.75 0.55 2.47273 1 9.85226 0.875 0 -0.924475 -0.215931 -1.81462 0 0
0 3 4 -0.75 0.55 2.47273 2 9.8377 0.875 0 -1.16353 0.551133 -2.23224 0 0
0 3 4 -0.75 0.55 2.47273 3 9.836 0.875 0 -0.519735 -0.910495 -2.06548 0 0
0 3 4 -0.75 0.55 2.47273 4 9.83418 0.875 0 -1.14111 0.312523 -2.58993 0 0
0 3 4 -0.75 0.55 2.47273 5 9.83271 0.875 0 -1.19612 -0.321671 -2.61272 0 0
0 3 4 -0.75 0.55 2.47273 6 9.83226 0.875 0 -1.59014 0.211117 -2.45814 0 0
0 3 4 -0.75 0.55 2.47273 7 9.82615 0.875 0 -1.80255 0.832846 -2.01002 0 0
0 3 4 -0.75 0.55 2.47273 8 9.82452 0.875 0 -1.59618 0.141464 -2.80815 0 0
0 3 4 -0.75 0.55 2.47273 9 9.82171 0.875 0 -1.7442 -0.969042 -2.02932 0 0
0 3 5 -0.75 0.55 2.79091 0 11.0976 1 0 -1.7443 0.461256 -1.14742 0 0
0 3 5 -0.75 0.55 2.79091 1 11.0866 1 0 -1.49282 0.121907 -2.35645 0 0
0 3 5 -0.75 0.55 2.79091 2 11.0591 1 0 -2.38479 1.16876 -1.63955 0 0
0 3 5 -0.75 0.55 2.79091 3 11.0582 1 0 -2.2725 1.2152 -1.6904 0 0
0 3 5 -0.75 0.55 2.79091 4 11.0456 1 0 -2.52861 1.2814 -1.97853 0 0
0 3 5 -0.75 0.55 2.79091 5 11.035 1 0 -2.1912 1.78409 -1.16669 0 0
0 3 5 -0.75 0.55 2.79091 6 11.0335 1 0 -1.18131 -1.92955 -1.66609 0 0
0 3 5 -0.75 0.55 2.79091 7 11.0321 1 0 -2.05986 1.31395 -2.93746 0 0
0 3 5 -0.75 0.55 2.79091 8 11.028 1 0 -2.76673 1.36115 -2.39224 0 0
0 3 5 -0.75 0.55 2.79091 9 11.0269 1 0 -1.70405 -1.83716 -2.04969 0 0
0 3 6 -0.75 0.55 3.10909 0 11.0636 1 0 -2.54693 -0.0356471 -2.58144 0 0
0 3 6 -0.75 0.55 3.10909 1 11.0261 1 0 -3.09226 1.11207 -2.63308 0 0
0 3 6 -0.75 0.55 3.10909 2 9.83185 0.875 0 -1.92437 -0.927983 -1.23109 0 0
0 3 6 -0.75 0.55 3.10909 3 9.82883 0.875 0 -1.91804 0.483619 -2.20193 0 0
0 3 6 -0.75 0.55 3.10909 4 9.80516 0.875 0 -2.68515 -0.671324 -2.44649 0 0
0 3 6 -0.75 0.55 3.10909 5 9.77685 0.875 0 -2.9469 1.02147 -2.89574 0 0
0 3 6 -0.75 0.55 3.10909 6 9.74998 0.875 0 -3.18192 -1.50352 -2.77141 0 0
0 3 6 -0.75 0.55 3.10909 7 8.59276 0.75 0 -1.99412 -0.475855 -1.24654 0 0
0 3 6 -0.75 0.55 3.10909 8 8.58096 0.75 0 -2.26636 0.364122 -1.83851 0 0
0 3 6 -0.75 0.55 3.10909 9 8.57298 0.75 0 -2.39102 0.959718 -1.18002 0 0
0 3 7 -0.75 0.55 3.42727 0 9.83487 0.875 0 -2.31982 -0.519246 -1.334 0 0
0 3 7 -0.75 0.55 3.42727 1 9.80865 0.875 0 -2.89575 -0.176465 -2.41499 0 0
0 3 7 -0.75 0.55 3.42727 2 9.77556 0.875 0 -3.43059 0.543636 -2.44135 0 0
0 3 7 -0.75 0.55 3.42727 3 8.57428 0.75 0 -2.5502 -0.481692 -1.80481 0 0
0 3 7 -0.75 0.55 3.42727 4 8.57064 0.75 0 -2.41509 -0.412731 -2.21872 0 0
0 3 7 -0.75 0.55 3.42727 5 8.56757 0.75 0 -2.03967 -1.12817 -1.62567 0 0
0 3 7 -0.75 0.55 3.42727 6 8.55249 0.75 0 -3.07444 -0.922314 -1.65322 0 0
0 3 7 -0.75 0.55 3.42727 7 8.54751 0.75 0 -2.15398 -1.50677 -1.58894 0 0
0 3 7 -0.75 0.55 3.42727 8 8.54643 0.75 0 -2.92513 0.222373 -2.88313 0 0
0 3 7 -0.75 0.55 3.42727 9 8.53645 0.75 0 -2.79519 -0.772354 -2.98719 0 0
0 3 8 -0.75 0.55 3.74545 0 8.50247 0.75 0 -1.98739 -2.03923 -2.32966 0 0
0 3 8 -0.75 0.55 3.74545 1 8.46023 0.75 0 -3.45994 1.75774 -2.89162 0 0
0 3 8 -0.75 0.55 3.74545 2 7.3129 0.625 0 -2.28207 -1.0853 -1.73994 0 0
0 3 8 -0.75 0.55 3.74545 3 7.27339 0.625 0 -2.34831 -1.40727 -2.89022 0 0
0 3 8 -0.75 0.55 3.74545 4 7.2623 0.625 0 -2.76962 -1.48926 -2.77636 0 0
0 3 8 -0.75 0.55 3.74545 5 6.07047 0.5 0 -2.5198 0.19106 -2.25763 0 0
0 3 8 -0.75 0.55 3.74545 6 6.06139 0.5 0 -2.5406 -1.13158 -1.346 0 0
0 3 8 -0.75 0.55 3.74545 7 6.06009 0.5 0 -2.89183 -0.918103 -1.45625 0 0
0 3 8 -0.75 0.55 3.74545 8 6.05904 0.5 0 -2.70293 -0.440151 -2.47009 0 0
0 3 8 -0.75 0.55 3.74545 9 6.05888 0.5 0 -2.87485 -0.196118 -2.4235 0 0
0 3 9 -0.75 0.55 4.06364 0 7.26705 0.625 0 -2.91356 -1.74401 -1.56511 0 0
0 3 9 -0.75 0.55 4.06364 1 6.05946 0.5 0 -3.09099 -0.277299 -2.07154 0 0
0 3 9 -0.75 0.55 4.06364 2 6.05849 0.5 0 -3.23126 -0.703112 -1.11541 0 0
0 3 9 -0.75 0.55 4.06364 3 5.9865 0.5 0 -2.7242 -1.91972 -2.77036 0 0
0 3 9 -0.75 0.55 4.06364 4 4.81152 0.375 0 -3.28871 -0.261529 -1.172 0 0
0 3 9 -0.75 0.55 4.06364 5 4.80081 0.375 0 -2.48745 -1.27248 -1.73645 0 0
0 3 9 -0.75 0.55 4.06364 6 4.7949 0.375 0 -3.46738 0.416476 -1.16353 0 0
0 3 9 -0.75 0.55 4.06364 7 4.77947 0.375 0 -2.90841 -1.59136 -1.34959 0 0
0 3 9 -0.75 0.55 4.06364 8 4.76866 0.375 0 -3.18066 -1.27855 -2.47167 0 0
0 3 9 -0.75 0.55 4.06364 9 4.74702 0.375 0 -3.74 0.0412493 -2.33816 0 0
0 3 10 -0.75 0.55 4.38182 0 7.29249 0.625 0 -2.49959 -1.41296 -1.80578 0 0
0 3 10 -0.75 0.55 4.38182 1 7.2849 0.625 0 -2.36811 -1.64121 -1.63203 0 0
0 3 10 -0.75 0.55 4.38182 2 6.02018 0.5 0 -3.53454 0.058027 -2.47859 0 0
0 3 10 -0.75 0.55 4.38182 3 6.01451 0.5 0 -3.55459 0.822485 -2.0278 0 0
0 3 10 -0.75 0.55 4.38182 4 6.0108 0.5 0 -3.25985 -1.0951 -2.92656 0 0
0 3 10 -0.75 0.55 4.38182 5 5.9764 0.5 0 -3.55163 -1.75797 -1.62458 0 0
0 3 10 -0.75 0.55 4.38182 6 4.81557 0.375 0 -2.97856 -0.362725 -1.81914 0 0
0 3 10 -0.75 0.55 4.38182 7 4.80153 0.375 0 -3.42497 -0.318033 -1.01381 0 0
0 3 10 -0.75 0.55 4.38182 8 4.78523 0.375 0 -2.74876 -1.55876 -1.33995 0 0
0 3 10 -0.75 0.55 4.38182 9 4.78298 0.375 0 -3.41142 -0.114585 -2.41825 0 0
0 3 11 -0.75 0.55 4.7 0 7.25153 0.625 0 -3.34849 -1.55109 -2.01214 0 0
0 3 11 -0.75 0.55 4.7 1 6.04331 0.5 0 -2.82495 -1.25877 -1.76772 0 0
0 3 11 -0.75 0.55 4.7 2 6.01184 0.5 0 -3.45708 -1.07118 -2.22204 0 0
0 3 11 -0.75 0.55 4.7 3 4.7774 0.375 0 -3.53424 -0.716975 -1.54157 0 0
0 3 11 -0.75 0.55 4.7 4 4.77258 0.375 0 -3.21212 -1.40785 -1.84253 0 0
0 3 11 -0.75 0.55 4.7 5 4.75485 0.375 0 -3.71884 -0.644803 -1.65053 0 0
0 3 11 -0.75 0.55 4.7 6 4.73596 0.375 0 -3.60865 -1.01003 -2.77922 0 0
0 3 11 -0.75 0.55 4.7 7 3.53298 0.25 0 -2.85603 -1.38094 -1.99122 0 0
0 3 11 -0.75 0.55 4.7 8 3.52657 0.25 0 -3.29138 -0.727435 -2.69781 0 0
0 3 11 -0.75 0.55 4.7 9 3.52154 0.25 0 -3.41873 -0.596873 -2.61644 0 0
0 4 0 -0.75 0.6 1.2 0 9.82085 0.875 0 -0.00293102 -0.778274 -2.99016 0 0
0 4 0 -0.75 0.6 1.2 1 9.80348 0.875 0 -1.36111 1.68862 -1.20645 0 0
0 4 0 -0.75 0.6 1.2 2 9.79568 0.875 0 0.05473 -1.81459 -1.75418 0 0
0 4 0 -0.75 0.6 1.2 3 9.78937 0.875 0 -1.09779 1.45893 -2.8916 0 0
0 4 0 -0.75 0.6 1.2 4 9.78786 0.875 0 -0.715394 1.58927 -2.77855 0 0
0 4 0 -0.75 0.6 1.2 5 8.59844 0.75 0 -0.40081 0.910941 -1.28836 0 0
0 4 0 -0.75 0.6 1.2 6 8.59415 0.75 0 -0.150843 1.02662 -1.36198 0 0
0 4 0 -0.75 0.6 1.2 7 8.588 0.75 0 0.245435 -0.0792183 -2.30922 0 0
0 4 0 -0.75 0.6 1.2 8 8.57688 0.75 0 0.512845 -0.190657 -1.77244 0 0
0 4 0 -0.75 0.6 1.2 9 8.54708 0.75 0 0.655267 -0.86385 -1.65896 0 0
0 4 1 -0.75 0.6 1.51818 0 11.1109 1 0 -0.160081 0.282812 -1.46496 0 0
0 4 1 -0.75 0.6 1.51818 1 11.1007 1 0 -0.631733 0.485299 -1.84131 0 0
0 4 1 -0.75 0.6 1.51818 2 11.0882 1 0 -0.370777 0.867125 -2.06865 0 0
0 4 1 -0.75 0.6 1.51818 3 11.0869 1 0 -0.396307 0.620661 -2.47459 0 0
0 4 1 -0.75 0.6 1.51818 4 11.0563 1 0 0.563817 -1.08973 -1.30687 0 0
0 4 1 -0.75 0.6 1.51818 5 11.0461 1 0 0.673386 -0.790367 -1.68855 0 0
0 4 1 -0.75 0.6 1.51818 6 9.84707 0.875 0 -0.017958 -0.906121 -1.47107 0 0
0 4 1 -0.75 0.6 1.51818 7 9.84453 0.875 0 0.0931645 -1.00586 -1.15434 0 0
0 4 1 -0.75 0.6 1.51818 8 9.83443 0.875 0 -0.405426 0.907112 -2.20279 0 0
0 4 1 -0.75 0.6 1.51818 9 9.82668 0.875 0 -0.661434 0.833493 -2.60756 0 0
0 4 2 -0.75 0.6 1.83636 0 11.1122 1 0 -0.0604187 -0.351434 -1.32741 0 0
0 4 2 -0.75 0.6 1.83636 1 11.1086 1 0 -0.648016 0.361001 -1.41351 0 0
0 4 2 -0.75 0.6 1.83636 2 11.0784 1 0 -0.851725 1.13253 -1.89691 0 0
0 4 2 -0.75 0.6 1.83636 3 11.0768 1 0 -0.650838 -0.649946 -2.81956 0 0
0 4 2 -0.75 0.6 1.83636 4 11.0538 1 0 0.355849 -1.07127 -2.59124 0 0
0 4 2 -0.75 0.6 1.83636 5 11.0297 1 0 -0.456856 -1.72613 -2.84627 0 0
0 4 2 -0.75 0.6 1.83636 6 11.021 1 0 -0.289283 -1.85955 -2.86894 0 0
0 4 2 -0.75 0.6 1.83636 7 11.0045 1 0 -1.16143 -1.95696 -2.99195 0 0
0 4 2 -0.75 0.6 1.83636 8 9.85814 0.875 0 -0.674823 0.595817 -1.04202 0 0
0 4 2 -0.75 0.6 1.83636 9 9.84948 0.875 0 -0.264374 -0.91873 -1.23295 0 0
0 4 3 -0.75 0.6 2.15455 0 9.851 0.875 0 -0.392376 -0.662787 -1.64852 0 0
0 4 3 -0.75 0.6 2.15455 1 9.85077 0.875 0 -1.09073 0.644317 -1.30803 0 0
0 4 3 -0.75 0.6 2.15455 2 9.84863 0.875 0 -0.52659 -0.859467 -1.33164 0 0
0 4 3 -0.75 0.6 2.15455 3 9.84425 0.875 0 -1.11653 0.0376575 -2.21147 0 0
0 4 3 -0.75 0.6 2.15455 4 9.84353 0.875 0 -0.989197 0.659091 -1.87503 0 0
0 4 3 -0.75 0.6 2.15455 5 9.84259 0.875 0 -0.143978 -1.0904 -1.28634 0 0
0 4 3 -0.75 0.6 2.15455 6 9.83302 0.875 0 -1.41172 0.653927 -2.18852 0 0
0 4 3 -0.75 0.6 2.15455 7 9.82418 0.875 0 -1.64204 1.10543 -1.67905 0 0
0 4 3 -0.75 0.6 2.15455 8 9.82379 0.875 0 -0.492174 -1.47976 -1.18114 0 0
0 4 3 -0.75 0.6 2.15455 9 9.81758 0.875 0 -0.422192 -1.19298 -2.47607 0 0
0 4 4 -0.75 0.6 2.47273 0 9.85228 0.875 0 -1.20334 0.488186 -1.34591 0 0
0 4 4 -0.75 0.6 2.47273 1 9.84565 0.875 0 -1.61549 0.517526 -1.4301 0 0
0 4 4 -0.75 0.6 2.47273 2 9.82495 0.875 0 -1.60592 0.204799 -2.77173 0 0
0 4 4 -0.75 0.6 2.47273 3 9.82331 0.875 0 -1.3774 0.339737 -2.89886 0 0
0 4 4 -0.75 0.6 2.47273 4 9.82289 0.875 0 -1.12774 -0.501109 -2.93951 0 0
0 4 4 -0.75 0.6 2.47273 5 9.81599 0.875 0 -1.32961 -1.07837 -2.41856 0 0
0 4 4 -0.75 0.6 2.47273 6 9.80925 0.875 0 -1.18006 -1.05229 -2.8227 0 0
0 4 4 -0.75 0.6 2.47273 7 9.8016 0.875 0 -1.84754 -1.01968 -2.82357 0 0
0 4 4 -0.75 0.6 2.47273 8 9.80045 0.875 0 -1.44134 -1.39372 -2.39603 0 0
0 4 4 -0.75 0.6 2.47273 9 9.79992 0.875 0 -1.70336 1.05252 -2.92243 0 0
0 4 5 -0.75 0.6 2.79091 0 11.1032 1 0 -1.24628 -0.119128 -1.56086 0 0
0 4 5 -0.75 0.6 2.79091 1 11.0923 1 0 -1.64547 -0.172853 -1.93144 0 0
0 4 5 -0.75 0.6 2.79091 2 11.0897 1 0 -1.88011 0.267475 -1.81207 0 0
0 4 5 -0.75 0.6 2.79091 3 11.0814 1 0 -1.02652 -0.622812 -2.51238 0 0
0 4 5 -0.75 0.6 2.79091 4 11.0728 1 0 -2.01279 -0.60246 -2.32824 0 0
0 4 5 -0.75 0.6 2.79091 5 11.068 1 0 -2.41585 1.08957 -1.11426 0 0
0 4 5 -0.75 0.6 2.79091 6 11.0625 1 0 -2.36745 0.925227 -2.0374 0 0
0 4 5 -0.75 0.6 2.79091 7 11.062 1 0 -0.883958 -1.00646 -2.88453 0 0
0 4 5 -0.75 0.6 2.79091 8 11.0569 1 0 -2.48028 1.2244 -1.47072 0 0
0 4 5 -0.75 0.6 2.79091 9 11.0532 1 0 -1.97182 1.32741 -2.02214 0 0
0 4 6 -0.75 0.6 3.10909 0 11.0797 1 0 -1.57662 -0.959287 -1.72005 0 0
0 4 6 -0.75 0.6 3.10909 1 11.026 1 0 -2.54744 1.5382 -2.28219 0 0
0 4 6 -0.75 0.6 3.10909 2 11.0164 1 0 -2.29614 -1.53896 -2.91453 0 0
0 4 6 -0.75 0.6 3.10909 3 10.9898 1 0 -3.23699 1.75731 -2.39719 0 0
0 4 6 -0.75 0.6 3.10909 4 9.82057 0.875 0 -2.33798 -0.537668 -2.20376 0 0
0 4 6 -0.75 0.6 3.10909 5 9.81856 0.875 0 -1.60157 -1.22879 -1.72119 0 0
0 4 6 -0.75 0.6 3.10909 6 9.80393 0.875 0 -1.53204 -1.19096 -2.6228 0 0
0 4 6 -0.75 0.6 3.10909 7 9.80029 0.875 0 -2.77883 0.920644 -2.19605 0 0
0 4 6 -0.75 0.6 3.10909 8 9.79599 0.875 0 -3.11122 -0.12675 -2.72478 0 0
0 4 6 -0.75 0.6 3.10909 9 9.7831 0.875 0 -0.971351 -1.89197 -1.99553 0 0
0 4 7 -0.75 0.6 3.42727 0 11.0568 1 0 -2.83181 0.00648292 -2.5923 0 0
0 4 7 -0.75 0.6 3.42727 1 9.79806 0.875 0 -2.61536 0.953624 -2.4301 0 0
0 4 7 -0.75 0.6 3.42727 2 9.78868 0.875 0 -2.64755 1.22304 -2.3374 0 0
0 4 7 -0.75 0.6 3.42727 3 9.78505 0.875 0 -1.56309 -1.70799 -2.16384 0 0
0 4 7 -0.75 0.6 3.42727 4 8.58272 0.75 0 -2.12606 0.221931 -1.9992 0 0
0 4 7 -0.75 0.6 3.42727 5 8.56205 0.75 0 -2.76802 -0.903817 -1.54302 0 0
0 4 7 -0.75 0.6 3.42727 6 8.54219 0.75 0 -2.76374 -1.144 -2.19724 0 0
0 4 7 -0.75 0.6 3.42727 7 8.53966 0.75 0 -3.09385 1.1027 -1.98781 0 0
0 4 7 -0.75 0.6 3.42727 8 8.52619 0.75 0 -1.70656 -1.67155 -2.60649 0 0
0 4 7 -0.75 0.6 3.42727 9 8.49881 0.75 0 -3.50841 1.39147 -1.85716 0 0
0 4 8 -0.75 0.6 3.74545 0 7.31264 0.625 0 -2.89609 0.531039 -1.96851 0 0
0 4 8 -0.75 0.6 3.74545 1 7.26767 0.625 0 -1.94819 -2.07869 -1.19185 0 0
0 4 8 -0.75 0.6 3.74545 2 7.10827 0.625 0 -3.44664 -2.03185 -2.21491 0 0
0 4 8 -0.75 0.6 3.74545 3 6.05807 0.5 0 -2.9804 -0.254192 -2.29682 0 0
0 4 8 -0.75 0.6 3.74545 4 6.05414 0.5 0 -2.65451 -1.25512 -1.27087 0 0
0 4 8 -0.75 0.6 3.74545 5 6.01471 0.5 0 -3.36992 -0.866735 -2.76528 0 0
0 4 8 -0.75 0.6 3.74545 6 6.01083 0.5 0 -1.92298 -1.73024 -2.92974 0 0
0 4 8 -0.75 0.6 3.74545 7 6.00488 0.5 0 -2.27561 -1.96011 -2.22238 0 0
0 4 8 -0.75 0.6 3.74545 8 5.99554 0.5 0 -2.1825 -2.02431 -2.54195 0 0
0 4 8 -0.75 0.6 3.74545 9 5.98914 0.5 0 -3.33277 1.76086 -2.04886 0 0
0 4 9 -0.75 0.6 4.06364 0 7.23733 0.625 0 -3.72665 0.900688 -2.17652 0 0
0 4 9 -0.75 0.6 4.06364 1 6.05088 0.5 0 -3.22359 -0.652642 -1.83716 0 0
0 4 9 -0.75 0.6 4.06364 2 6.00703 0.5 0 -3.64176 -0.238641 -2.47017 0 0
0 4 9 -0.75 0.6 4.06364 3 4.81514 0.375 0 -3.13045 -0.245719 -1.65742 0 0
0 4 9 -0.75 0.6 4.06364 4 4.80328 0.375 0 -2.95483 -0.248223 -2.54585 0 0
0 4 9 -0.75 0.6 4.06364 5 4.79963 0.375 0 -2.74541 -0.193667 -2.93639 0 0
0 4 9 -0.75 0.6 4.06364 6 4.79109 0.375 0 -2.9025 -0.600132 -2.89292 0 0
0 4 9 -0.75 0.6 4.06364 7 4.77354 0.375 0 -3.42837 -0.816835 -2.21333 0 0
0 4 9 -0.75 0.6 4.06364 8 4.74955 0.375 0 -2.54521 -0.420667 -1.12834 0 0
0 4 9 -0.75 0.6 4.06364 9 4.73917 0.375 0 -2.98494 -2.16327 -1.18842 0 0
0 4 10 -0.75 0.6 4.38182 0 7.277 0.625 0 -1.97973 -1.94417 -1.22839 0 0
0 4 10 -0.75 0.6 4.38182 1 6.04962 0.5 0 -2.82361 -0.668399 -2.54706 0 0
0 4 10 -0.75 0.6 4.38182 2 6.04913 0.5 0 -3.38816 0.447584 -1.36341 0 0
0 4 10 -0.75 0.6 4.38182 3 5.98816 0.5 0 -2.64094 -0.960483 -1.20436 0 0
0 4 10 -0.75 0.6 4.38182 4 5.97711 0.5 0 -3.73324 0.596727 -2.95254 0 0
0 4 10 -0.75 0.6 4.38182 5 4.75387 0.375 0 -3.44835 -1.41116 -1.83568 0 0
0 4 10 -0.75 0.6 4.38182 6 4.74656 0.375 0 -3.78849 -0.0811777 -1.91416 0 0
0 4 10 -0.75 0.6 4.38182 7 3.54568 0.25 0 -2.6136 -1.07431 -2.32843 0 0
0 4 10 -0.75 0.6 4.38182 8 3.53338 0.25 0 -3.34209 0.557582 -2.40351 0 0
0 4 10 -0.75 0.6 4.38182 9 3.53104 0.25 0 -2.46799 -1.7021 -1.47258 0 0
0 4 11 -0.75 0.6 4.7 0 4.7876 0.375 0 -3.34141 -0.471892 -2.28161 0 0
0 4 11 -0.75 0.6 4.7 1 4.77878 0.375 0 -3.23861 -0.826455 -2.65228 0 0
0 4 11 -0.75 0.6 4.7 2 4.74596 0.375 0 -3.02084 -1.67874 -2.74631 0 0
0 4 11 -0.75 0.6 4.7 3 3.53773 0.25 0 -2.71339 -1.45935 -1.64779 0 0
0 4 11 -0.75 0.6 4.7 4 3.5113 0.25 0 -2.37373 -2.03477 -1.3705 0 0
0 4 11 -0.75 0.6 4.7 5 3.47853 0.25 0 -3.41247 -1.70408 -2.44285 0 0
0 4 11 -0.75 0.6 4.7 6 3.47424 0.25 0 -3.69069 -1.52387 -1.59045 0 0
0 4 11 -0.75 0.6 4.7 7 3.45889 0.25 0 -3.74907 -1.26788 -2.64332 0 0
0 4 11 -0.75 0.6 4.7 8 3.41728 0.25 0 -3.70575 -1.97665 -2.8723 0 0
0 4 11 -0.75 0.6 4.7 9 2.28099 0.125 0 -2.36293 -1.76476 -1.34287 0 0
