# iy iz iroll Y Z Roll candidate quality q0 q1 q2 q3 q4 q5
0 0 0 -0.75 -0.05 -0.8 0 9.09231 0.8 0 0.0696733 0.94414 -1.59937 0 0
0 0 0 -0.75 -0.05 -0.8 1 8.10987 0.7 0 -0.196905 0.793938 -0.185188 0 0
0 0 0 -0.75 -0.05 -0.8 2 8.10222 0.7 0 -0.148738 0.754027 -1.44155 0 0
0 0 0 -0.75 -0.05 -0.8 3 8.09964 0.7 0 0.346027 0.383245 0.850006 0 0
0 0 0 -0.75 -0.05 -0.8 4 8.08222 0.7 0 -0.10052 1.2239 0.887049 0 0
0 0 0 -0.75 -0.05 -0.8 5 8.0374 0.7 0 0.759992 0.826266 0.157643 0 0
0 0 0 -0.75 -0.05 -0.8 6 8.02476 0.7 0 0.336868 2.04715 -0.875111 0 0
0 0 0 -0.75 -0.05 -0.8 7 8.01866 0.7 0 -1.36103 2.19756 -1.0004 0 0
0 0 0 -0.75 -0.05 -0.8 8 8.01146 0.7 0 0.617699 1.79344 1.29196 0 0
0 0 0 -0.75 -0.05 -0.8 9 7.11808 0.6 0 -0.14904 0.458654 0.0632737 0 0
0 0 1 -0.75 -0.05 -0.594444 0 9.10251 0.8 0 -0.57205 0.559219 0.932422 0 0
0 0 1 -0.75 -0.05 -0.594444 1 9.07827 0.8 0 -0.348168 1.22557 1.24034 0 0
0 0 1 -0.75 -0.05 -0.594444 2 9.05813 0.8 0 -0.893552 1.5481 1.2829 0 0
0 0 1 -0.75 -0.05 -0.594444 3 8.10348 0.7 0 -0.0918761 0.584064 -1.67872 0 0
0 0 1 -0.75 -0.05 -0.594444 4 8.09967 0.7 0 -0.446382 1.04518 -0.508226 0 0
0 0 1 -0.75 -0.05 -0.594444 5 8.09715 0.7 0 -0.539761 1.09735 -0.381561 0 0
0 0 1 -0.75 -0.05 -0.594444 6 8.09594 0.7 0 0.222712 0.669529 1.39858 0 0
0 0 1 -0.75 -0.05 -0.594444 7 8.09481 0.7 0 -0.385443 0.904797 -1.58571 0 0
0 0 1 -0.75 -0.05 -0.594444 8 8.08515 0.7 0 -0.242477 0.995275 1.48233 0 0
0 0 1 -0.75 -0.05 -0.594444 9 8.08361 0.7 0 -0.329648 1.04059 1.45152 0 0
0 0 2 -0.75 -0.05 -0.388889 0 11.1076 1 0 -0.681919 0.132417 0.908837 0 0
0 0 2 -0.75 -0.05 -0.388889 1 10.0754 0.9 0 -0.0310222 1.56962 -0.414154 0 0
0 0 2 -0.75 -0.05 -0.388889 2 10.0399 0.9 0 -0.388505 2.07977 0.423578 0 0
0 0 2 -0.75 -0.05 -0.388889 3 10.0282 0.9 0 -0.302461 2.12815 -1.43788 0 0
0 0 2 -0.75 -0.05 -0.388889 4 10.0046 0.9 0 -1.48454 2.32767 -1.17782 0 0
0 0 2 -0.75 -0.05 -0.388889 5 9.10426 0.8 0 -0.350884 0.547451 0.86103 0 0
0 0 2 -0.75 -0.05 -0.388889 6 9.09766 0.8 0 -0.347062 0.635284 1.33378 0 0
0 0 2 -0.75 -0.05 -0.388889 7 9.09618 0.8 0 -0.361944 0.758175 1.1765 0 0
0 0 2 -0.75 -0.05 -0.388889 8 9.08142 0.8 0 -1.1938 1.34139 -0.0195045 0 0
0 0 2 -0.75 -0.05 -0.388889 9 9.07988 0.8 0 -0.691601 1.45286 0.149505 0 0
0 0 3 -0.75 -0.05 -0.183333 0 10.0961 0.9 0 0.107556 0.881763 0.835184 0 0
0 0 3 -0.75 -0.05 -0.183333 1 10.0775 0.9 0 -0.923052 1.17296 1.22976 0 0
0 0 3 -0.75 -0.05 -0.183333 2 10.0719 0.9 0 0.452688 0.982779 1.28174 0 0
0 0 3 -0.75 -0.05 -0.183333 3 10.07 0.9 0 -0.86795 1.58173 0.552263 0 0
0 0 3 -0.75 -0.05 -0.183333 4 10.0627 0.9 0 0.280392 1.5666 -0.559452 0 0
0 0 3 -0.75 -0.05 -0.183333 5 10.0626 0.9 0 -0.914811 1.71519 0.261762 0 0
0 0 3 -0.75 -0.05 -0.183333 6 10.0504 0.9 0 0.344833 1.6274 -1.16038 0 0
0 0 3 -0.75 -0.05 -0.183333 7 10.0397 0.9 0 -0.323316 1.94531 0.834201 0 0
0 0 3 -0.75 -0.05 -0.183333 8 10.0385 0.9 0 -1.01337 2.04033 0.434664 0 0
0 0 3 -0.75 -0.05 -0.183333 9 10.0269 0.9 0 -0.174856 2.25406 -0.239014 0 0
0 0 4 -0.75 -0.05 0.0222222 0 11.0986 1 0 -0.961189 0.469542 1.24238 0 0
0 0 4 -0.75 -0.05 0.0222222 1 11.0887 1 0 0.139891 1.22386 0.323847 0 0
0 0 4 -0.75 -0.05 0.0222222 2 11.0739 1 0 0.465648 0.864172 1.36133 0 0
0 0 4 -0.75 -0.05 0.0222222 3 10.0969 0.9 0 -0.857163 0.105558 1.72562 0 0
0 0 4 -0.75 -0.05 0.0222222 4 10.0818 0.9 0 -1.12069 1.11887 0.831079 0 0
0 0 4 -0.75 -0.05 0.0222222 5 10.0795 0.9 0 0.0342985 1.29747 0.811395 0 0
0 0 4 -0.75 -0.05 0.0222222 6 10.0738 0.9 0 -1.22959 1.35067 -1.21582 0 0
0 0 4 -0.75 -0.05 0.0222222 7 10.0643 0.9 0 -0.978713 1.40714 1.35933 0 0
0 0 4 -0.75 -0.05 0.0222222 8 10.0554 0.9 0 0.679178 0.759787 0.853819 0 0
0 0 4 -0.75 -0.05 0.0222222 9 10.043 0.9 0 -0.723018 1.99641 -0.660925 0 0
0 0 5 -0.75 -0.05 0.227778 0 11.0985 1 0 0.35613 0.458882 0.747967 0 0
0 0 5 -0.75 -0.05 0.227778 1 11.0981 1 0 -0.359443 0.333658 1.70545 0 0
0 0 5 -0.75 -0.05 0.227778 2 11.0941 1 0 -1.2993 0.501773 1.2866 0 0
0 0 5 -0.75 -0.05 0.227778 3 11.0907 1 0 0.298076 0.732197 1.34574 0 0
0 0 5 -0.75 -0.05 0.227778 4 11.0688 1 0 -0.537212 1.65234 0.360024 0 0
0 0 5 -0.75 -0.05 0.227778 5 11.0629 1 0 -0.00533725 1.5794 -1.67619 0 0
0 0 5 -0.75 -0.05 0.227778 6 11.0628 1 0 -1.02507 1.69927 0.119621 0 0
0 0 5 -0.75 -0.05 0.227778 7 11.0553 1 0 0.00958505 1.75314 -1.42684 0 0
0 0 5 -0.75 -0.05 0.227778 8 11.0549 1 0 -0.646022 1.69742 0.853634 0 0
0 0 5 -0.75 -0.05 0.227778 9 11.0395 1 0 -1.15859 2.00898 -0.435189 0 0
0 0 6 -0.75 -0.05 0.433333 0 11.089 1 0 -1.47843 0.354437 1.68145 0 0
0 0 6 -0.75 -0.05 0.433333 1 11.083 1 0 -1.16437 0.984282 1.21442 0 0
0 0 6 -0.75 -0.05 0.433333 2 11.0822 1 0 -1.02971 0.860557 1.70497 0 0
0 0 6 -0.75 -0.05 0.433333 3 11.0748 1 0 -0.177743 1.58536 -0.122101 0 0
0 0 6 -0.75 -0.05 0.433333 4 11.0688 1 0 -1.14926 1.58285 -0.216991 0 0
0 0 6 -0.75 -0.05 0.433333 5 11.0659 1 0 -0.17353 1.66935 -0.944072 0 0
0 0 6 -0.75 -0.05 0.433333 6 11.0626 1 0 -1.10832 1.321 1.71795 0 0
0 0 6 -0.75 -0.05 0.433333 7 11.0617 1 0 -1.43566 1.35829 1.37708 0 0
0 0 6 -0.75 -0.05 0.433333 8 11.044 1 0 -0.600274 2.01996 0.259108 0 0
0 0 6 -0.75 -0.05 0.433333 9 11.0416 1 0 -0.550791 2.04419 0.44329 0 0
0 0 7 -0.75 -0.05 0.638889 0 11.0424 1 0 -0.476353 2.01768 -0.779096 0 0
0 0 7 -0.75 -0.05 0.638889 1 11.0242 1 0 -0.387174 2.12371 1.03598 0 0
0 0 7 -0.75 -0.05 0.638889 2 11.0241 1 0 -0.711584 2.20673 0.717533 0 0
0 0 7 -0.75 -0.05 0.638889 3 11.0187 1 0 -0.434899 2.14877 0.514106 0 0
0 0 7 -0.75 -0.05 0.638889 4 11 1 0 -1.42762 2.45233 -0.16432 0 0
0 0 7 -0.75 -0.05 0.638889 5 10.0969 0.9 0 -0.465506 0.340522 1.74717 0 0
0 0 7 -0.75 -0.05 0.638889 6 10.0927 0.9 0 -0.870038 0.494258 1.71223 0 0
0 0 7 -0.75 -0.05 0.638889 7 10.0906 0.9 0 -0.0833467 1.2055 0.711964 0 0
0 0 7 -0.75 -0.05 0.638889 8 10.0872 0.9 0 -1.06814 0.898036 1.19582 0 0
0 0 7 -0.75 -0.05 0.638889 9 10.0837 0.9 0 -0.053126 1.01991 1.53811 0 0
0 0 8 -0.75 -0.05 0.844444 0 11.0932 1 0 0.313333 0.268723 1.72361 0 0
0 0 8 -0.75 -0.05 0.844444 1 11.0851 1 0 -1.11967 1.02407 0.885143 0 0
0 0 8 -0.75 -0.05 0.844444 2 11.0713 1 0 -1.41269 1.45365 0.589917 0 0
0 0 8 -0.75 -0.05 0.844444 3 11.065 1 0 -0.982916 1.43047 1.18858 0 0
0 0 8 -0.75 -0.05 0.844444 4 11.0627 1 0 -0.0245875 1.43098 1.69449 0 0
0 0 8 -0.75 -0.05 0.844444 5 11.0602 1 0 -0.486321 1.57545 1.18018 0 0
0 0 8 -0.75 -0.05 0.844444 6 11.0563 1 0 -1.05983 1.62413 0.861055 0 0
0 0 8 -0.75 -0.05 0.844444 7 11.0481 1 0 -0.484315 1.77253 1.15602 0 0
0 0 8 -0.75 -0.05 0.844444 8 11.0475 1 0 -1.37779 1.65784 1.20693 0 0
0 0 8 -0.75 -0.05 0.844444 9 11.0457 1 0 -1.04442 1.86595 -1.1314 0 0
0 0 9 -0.75 -0.05 1.05 0 10.0809 0.9 0 -0.707094 1.4014 0.601297 0 0
0 0 9 -0.75 -0.05 1.05 1 10.0665 0.9 0 -1.53543 1.25018 1.3057 0 0
0 0 9 -0.75 -0.05 1.05 2 10.0542 0.9 0 -0.62562 1.64162 1.30157 0 0
0 0 9 -0.75 -0.05 1.05 3 10.0511 0.9 0 -0.156939 1.62145 1.73986 0 0
0 0 9 -0.75 -0.05 1.05 4 10.0345 0.9 0 -0.49305 1.96358 1.18091 0 0
0 0 9 -0.75 -0.05 1.05 5 10.0287 0.9 0 -1.41301 1.90527 1.3791 0 0
0 0 9 -0.75 -0.05 1.05 6 10.0287 0.9 0 -0.556424 2.07817 0.846487 0 0
0 0 9 -0.75 -0.05 1.05 7 10.0217 0.9 0 -1.46906 2.1684 -0.765201 0 0
0 0 9 -0.75 -0.05 1.05 8 10.0181 0.9 0 -1.07908 2.0777 1.49999 0 0
0 0 9 -0.75 -0.05 1.05 9 10.002 0.9 0 -1.35938 2.42887 0.510219 0 0
0 1 0 -0.75 -0.00555556 -0.8 0 9.05531 0.8 0 0.478007 1.45437 -0.203832 0 0
0 1 0 -0.75 -0.00555556 -0.8 1 8.10972 0.7 0 0.170393 0.276925 -0.996816 0 0
0 1 0 -0.75 -0.00555556 -0.8 2 8.0945 0.7 0 -0.381256 0.940378 0.782975 0 0
0 1 0 -0.75 -0.00555556 -0.8 3 7.90189 0.7 0 -0.485028 2.35704 0.605791 0 0
0 1 0 -0.75 -0.00555556 -0.8 4 7.11537 0.6 0 -0.292996 0.506922 0.607861 0 0
0 1 0 -0.75 -0.00555556 -0.8 5 7.09101 0.6 0 0.144696 1.03156 0.808427 0 0
0 1 0 -0.75 -0.00555556 -0.8 6 7.08831 0.6 0 0.277291 1.03521 0.61388 0 0
0 1 0 -0.75 -0.00555556 -0.8 7 7.08623 0.6 0 0.41984 0.155001 -1.73441 0 0
0 1 0 -0.75 -0.00555556 -0.8 8 7.07505 0.6 0 -0.47763 1.38527 -1.51183 0 0
0 1 0 -0.75 -0.00555556 -0.8 9 7.07078 0.6 0 -0.941006 1.55909 0.600196 0 0
0 1 1 -0.75 -0.00555556 -0.594444 0 10.0655 0.9 0 0.438144 1.25974 -0.883121 0 0
0 1 1 -0.75 -0.00555556 -0.594444 1 10.0622 0.9 0 -0.446264 1.77907 0.087393 0 0
0 1 1 -0.75 -0.00555556 -0.594444 2 9.08935 0.8 0 -0.709413 0.965065 1.02879 0 0
0 1 1 -0.75 -0.00555556 -0.594444 3 9.0743 0.8 0 -0.00866257 1.47343 -1.26578 0 0
0 1 1 -0.75 -0.00555556 -0.594444 4 9.05267 0.8 0 0.728396 0.213065 1.29651 0 0
0 1 1 -0.75 -0.00555556 -0.594444 5 9.02593 0.8 0 -0.449589 2.11571 0.88497 0 0
0 1 1 -0.75 -0.00555556 -0.594444 6 8.09628 0.7 0 -0.502373 1.09751 -0.654315 0 0
0 1 1 -0.75 -0.00555556 -0.594444 7 8.09511 0.7 0 0.271656 0.475861 1.57151 0 0
0 1 1 -0.75 -0.00555556 -0.594444 8 8.05737 0.7 0 -1.1387 1.48697 0.638955 0 0
0 1 1 -0.75 -0.00555556 -0.594444 9 8.05077 0.7 0 -0.577708 1.82899 -1.2787 0 0
0 1 2 -0.75 -0.00555556 -0.388889 0 11.0588 1 0 -0.0368694 1.84392 0.0838034 0 0
0 1 2 -0.75 -0.00555556 -0.388889 1 10.0928 0.9 0 0.0267519 0.923015 1.05741 0 0
0 1 2 -0.75 -0.00555556 -0.388889 2 10.0681 0.9 0 0.276806 1.27067 -1.63155 0 0
0 1 2 -0.75 -0.00555556 -0.388889 3 10.0555 0.9 0 -0.394044 1.87817 0.106936 0 0
0 1 2 -0.75 -0.00555556 -0.388889 4 9.08841 0.8 0 0.425538 0.717202 0.591431 0 0
0 1 2 -0.75 -0.00555556 -0.388889 5 9.08423 0.8 0 -0.903396 1.04194 1.11854 0 0
0 1 2 -0.75 -0.00555556 -0.388889 6 9.05546 0.8 0 -0.570674 1.57116 1.55482 0 0
0 1 2 -0.75 -0.00555556 -0.388889 7 9.04401 0.8 0 0.716307 0.953622 -0.699418 0 0
0 1 2 -0.75 -0.00555556 -0.388889 8 8.99923 0.8 0 -1.13237 2.45893 -0.948267 0 0
0 1 2 -0.75 -0.00555556 -0.388889 9 8.11072 0.7 0 0.0146841 0.000926361 -1.55751 0 0
0 1 3 -0.75 -0.00555556 -0.183333 0 11.0765 1 0 0.287681 1.20408 -1.14244 0 0
0 1 3 -0.75 -0.00555556 -0.183333 1 11.0152 1 0 -1.24208 2.11516 1.36543 0 0
0 1 3 -0.75 -0.00555556 -0.183333 2 10.0948 0.9 0 -1.16956 0.711485 0.872578 0 0
0 1 3 -0.75 -0.00555556 -0.183333 3 10.0762 0.9 0 0.0899614 1.5141 -0.34246 0 0
0 1 3 -0.75 -0.00555556 -0.183333 4 10.0566 0.9 0 0.409953 1.52945 0.378738 0 0
0 1 3 -0.75 -0.00555556 -0.183333 5 10.0399 0.9 0 -1.14878 2.00861 0.355671 0 0
0 1 3 -0.75 -0.00555556 -0.183333 6 10.0331 0.9 0 -0.939791 1.95458 1.11143 0 0
0 1 3 -0.75 -0.00555556 -0.183333 7 10.0271 0.9 0 0.708444 1.21849 1.48602 0 0
0 1 3 -0.75 -0.00555556 -0.183333 8 10.0118 0.9 0 -0.486157 2.18614 1.63 0 0
0 1 3 -0.75 -0.00555556 -0.183333 9 10.0017 0.9 0 -1.14709 2.33638 0.997257 0 0
0 1 4 -0.75 -0.00555556 0.0222222 0 11.0763 1 0 -1.44653 1.37673 0.321161 0 0
0 1 4 -0.75 -0.00555556 0.0222222 1 11.0523 1 0 0.442992 1.36565 1.57543 0 0
0 1 4 -0.75 -0.00555556 0.0222222 2 11.0444 1 0 -0.393538 2.01615 0.495577 0 0
0 1 4 -0.75 -0.00555556 0.0222222 3 11.0343 1 0 -1.24536 2.04976 -0.625766 0 0
0 1 4 -0.75 -0.00555556 0.0222222 4 10.0964 0.9 0 0.337677 0.165416 1.44068 0 0
0 1 4 -0.75 -0.00555556 0.0222222 5 10.095 0.9 0 -0.596576 1.14405 0.441224 0 0
0 1 4 -0.75 -0.00555556 0.0222222 6 10.089 0.9 0 -1.47125 1.10026 0.216039 0 0
0 1 4 -0.75 -0.00555556 0.0222222 7 10.0795 0.9 0 0.115422 1.26579 -1.41506 0 0
0 1 4 -0.75 -0.00555556 0.0222222 8 10.0698 0.9 0 0.418989 1.05716 -1.45855 0 0
0 1 4 -0.75 -0.00555556 0.0222222 9 10.0658 0.9 0 -0.0627412 1.74098 -0.0742762 0 0
0 1 5 -0.75 -0.00555556 0.227778 0 11.098 1 0 -0.0687285 0.580033 1.45221 0 0
0 1 5 -0.75 -0.00555556 0.227778 1 11.0943 1 0 -1.26175 0.197809 1.60885 0 0
0 1 5 -0.75 -0.00555556 0.227778 2 11.0879 1 0 -0.475085 1.15184 0.751355 0 0
0 1 5 -0.75 -0.00555556 0.227778 3 11.0807 1 0 -0.534554 1.43332 -0.531196 0 0
0 1 5 -0.75 -0.00555556 0.227778 4 11.037 1 0 0.207198 1.57741 0.677371 0 0
0 1 5 -0.75 -0.00555556 0.227778 5 11.0234 1 0 0.222017 2.05813 1.55079 0 0
0 1 5 -0.75 -0.00555556 0.227778 6 11.0029 1 0 -1.04575 2.24478 1.64367 0 0
0 1 5 -0.75 -0.00555556 0.227778 7 10.1037 0.9 0 -0.309953 0.948605 0.525115 0 0
0 1 5 -0.75 -0.00555556 0.227778 8 10.099 0.9 0 -0.0469356 0.739593 0.997464 0 0
0 1 5 -0.75 -0.00555556 0.227778 9 10.0903 0.9 0 0.174953 0.991804 -1.22787 0 0
0 1 6 -0.75 -0.00555556 0.433333 0 11.0874 1 0 0.124002 0.889632 1.60272 0 0
0 1 6 -0.75 -0.00555556 0.433333 1 11.082 1 0 -0.796288 1.36939 0.664897 0 0
0 1 6 -0.75 -0.00555556 0.433333 2 11.055 1 0 -1.51832 1.41602 1.57725 0 0
0 1 6 -0.75 -0.00555556 0.433333 3 11.0158 1 0 -0.4742 2.37193 -0.275031 0 0
0 1 6 -0.75 -0.00555556 0.433333 4 11.0093 1 0 -1.16726 2.16651 1.56721 0 0
0 1 6 -0.75 -0.00555556 0.433333 5 10.0976 0.9 0 0.221722 0.825181 0.786645 0 0
0 1 6 -0.75 -0.00555556 0.433333 6 10.0961 0.9 0 0.305631 0.523534 1.25429 0 0
0 1 6 -0.75 -0.00555556 0.433333 7 10.0942 0.9 0 -0.624528 0.554446 1.64112 0 0
0 1 6 -0.75 -0.00555556 0.433333 8 10.0931 0.9 0 -0.225309 1.24271 0.0634135 0 0
0 1 6 -0.75 -0.00555556 0.433333 9 10.0777 0.9 0 -0.219807 1.52178 0.491809 0 0
0 1 7 -0.75 -0.00555556 0.638889 0 11.0895 1 0 -0.563027 1.26778 0.441238 0 0
0 1 7 -0.75 -0.00555556 0.638889 1 11.0847 1 0 -0.574302 1.30216 0.711333 0 0
0 1 7 -0.75 -0.00555556 0.638889 2 11.0554 1 0 -0.664611 1.76776 -1.1787 0 0
0 1 7 -0.75 -0.00555556 0.638889 3 11.0465 1 0 -0.161817 1.97376 -0.807284 0 0
0 1 7 -0.75 -0.00555556 0.638889 4 11.0425 1 0 -1.19746 1.75938 1.26614 0 0
0 1 7 -0.75 -0.00555556 0.638889 5 11.03 1 0 -0.679552 2.19133 0.086277 0 0
0 1 7 -0.75 -0.00555556 0.638889 6 10.1008 0.9 0 -0.458515 0.379411 1.43825 0 0
0 1 7 -0.75 -0.00555556 0.638889 7 10.1006 0.9 0 -0.194739 0.848894 0.744447 0 0
0 1 7 -0.75 -0.00555556 0.638889 8 10.0927 0.9 0 0.339155 0.618899 1.1795 0 0
0 1 7 -0.75 -0.00555556 0.638889 9 10.0925 0.9 0 -0.0463372 1.01016 -1.55097 0 0
0 1 8 -0.75 -0.00555556 0.844444 0 11.0894 1 0 -0.281068 1.29208 0.562813 0 0
0 1 8 -0.75 -0.00555556 0.844444 1 11.0766 1 0 -1.29817 1.14324 1.0854 0 0
0 1 8 -0.75 -0.00555556 0.844444 2 11.0677 1 0 -0.541599 1.65986 0.534556 0 0
0 1 8 -0.75 -0.00555556 0.844444 3 11.0548 1 0 -1.0557 1.79817 -0.505457 0 0
0 1 8 -0.75 -0.00555556 0.844444 4 11.046 1 0 -0.820931 1.9731 -0.174602 0 0
0 1 8 -0.75 -0.00555556 0.844444 5 11.0384 1 0 -0.063216 1.27453 0.215531 0 0
0 1 8 -0.75 -0.00555556 0.844444 6 11.0174 1 0 -0.879688 2.19715 0.82556 0 0
0 1 8 -0.75 -0.00555556 0.844444 7 10.9992 1 0 -1.42867 2.46065 0.175804 0 0
0 1 8 -0.75 -0.00555556 0.844444 8 10.0988 0.9 0 -0.146734 0.471354 1.5418 0 0
0 1 8 -0.75 -0.00555556 0.844444 9 10.0851 0.9 0 -0.505908 1.04187 1.26827 0 0
0 1 9 -0.75 -0.00555556 1.05 0 10.0967 0.9 0 -0.113531 0.828091 0.958577 0 0
0 1 9 -0.75 -0.00555556 1.05 1 10.0612 0.9 0 -1.04157 1.7197 0.0454094 0 0
0 1 9 -0.75 -0.00555556 1.05 2 10.0598 0.9 0 -1.0575 1.54759 0.981414 0 0
0 1 9 -0.75 -0.00555556 1.05 3 10.052 0.9 0 -1.04791 1.54231 1.67556 0 0
0 1 9 -0.75 -0.00555556 1.05 4 10.0376 0.9 0 -0.733922 2.03657 -0.985289 0 0
0 1 9 -0.75 -0.00555556 1.05 5 10.0366 0.9 0 -0.940377 2.08015 -0.313148 0 0
0 1 9 -0.75 -0.00555556 1.05 6 10.0345 0.9 0 -1.37925 1.84406 1.28787 0 0
0 1 9 -0.75 -0.00555556 1.05 7 10.0239 0.9 0 -1.1063 2.14407 -1.21519 0 0
0 1 9 -0.75 -0.00555556 1.05 8 10.0222 0.9 0 -0.942042 2.09117 1.16638 0 0
0 1 9 -0.75 -0.00555556 1.05 9 9.9983 0.9 0 -1.4702 2.36821 -1.42934 0 0
0 2 0 -0.75 0.0388889 -0.8 0 9.02594 0.8 0 0.481163 1.91928 0.109046 0 0
0 2 0 -0.75 0.0388889 -0.8 1 7.11004 0.6 0 0.0972938 0.012281 0.896149 0 0
0 2 0 -0.75 0.0388889 -0.8 2 7.08126 0.6 0 0.0559038 1.451 0.177697 0 0
0 2 0 -0.75 0.0388889 -0.8 3 7.06225 0.6 0 -0.497648 1.77119 0.0262674 0 0
0 2 0 -0.75 0.0388889 -0.8 4 7.05581 0.6 0 0.307695 1.59208 -1.07041 0 0
0 2 0 -0.75 0.0388889 -0.8 5 7.05077 0.6 0 -0.777184 1.90282 0.435464 0 0
0 2 0 -0.75 0.0388889 -0.8 6 7.02783 0.6 0 0.290267 2.06738 -0.627389 0 0
0 2 0 -0.75 0.0388889 -0.8 7 7.02025 0.6 0 0.0968798 2.28697 -0.572567 0 0
0 2 0 -0.75 0.0388889 -0.8 8 7.01371 0.6 0 -0.432743 2.25955 -1.67476 0 0
0 2 0 -0.75 0.0388889 -0.8 9 7.01061 0.6 0 -0.793789 2.36802 -0.935719 0 0
0 2 1 -0.75 0.0388889 -0.594444 0 9.03719 0.8 0 0.640827 1.42243 -0.336221 0 0
0 2 1 -0.75 0.0388889 -0.594444 1 9.01401 0.8 0 0.744673 1.51126 0.570007 0 0
0 2 1 -0.75 0.0388889 -0.594444 2 8.90997 0.8 0 -0.872886 2.34487 -1.69882 0 0
0 2 1 -0.75 0.0388889 -0.594444 3 8.07467 0.7 0 -0.276703 1.57025 0.542127 0 0
0 2 1 -0.75 0.0388889 -0.594444 4 8.07108 0.7 0 0.128784 1.55792 0.544014 0 0
0 2 1 -0.75 0.0388889 -0.594444 5 8.06761 0.7 0 -0.222109 1.65254 -0.880501 0 0
0 2 1 -0.75 0.0388889 -0.594444 6 8.06226 0.7 0 0.691375 0.108132 1.05154 0 0
0 2 1 -0.75 0.0388889 -0.594444 7 8.06008 0.7 0 -0.133378 1.56764 1.31552 0 0
0 2 1 -0.75 0.0388889 -0.594444 8 7.07038 0.6 0 -0.436007 1.64979 -0.178679 0 0
0 2 1 -0.75 0.0388889 -0.594444 9 7.06562 0.6 0 -0.426665 1.71083 -0.500834 0 0
0 2 2 -0.75 0.0388889 -0.388889 0 9.06321 0.8 0 0.14328 1.45192 1.57813 0 0
0 2 2 -0.75 0.0388889 -0.388889 1 9.0258 0.8 0 0.151858 2.00831 1.68475 0 0
0 2 2 -0.75 0.0388889 -0.388889 2 8.9959 0.8 0 0.303922 2.37323 -1.30493 0 0
0 2 2 -0.75 0.0388889 -0.388889 3 8.09496 0.7 0 0.369979 0.538793 0.890952 0 0
0 2 2 -0.75 0.0388889 -0.388889 4 8.09324 0.7 0 -0.504265 0.862531 1.10185 0 0
0 2 2 -0.75 0.0388889 -0.388889 5 8.09009 0.7 0 0.283338 0.926315 0.890484 0 0
0 2 2 -0.75 0.0388889 -0.388889 6 8.06382 0.7 0 0.621375 0.628196 1.26185 0 0
0 2 2 -0.75 0.0388889 -0.388889 7 8.05046 0.7 0 0.420537 1.45061 -1.52441 0 0
0 2 2 -0.75 0.0388889 -0.388889 8 8.04746 0.7 0 0.757908 0.435811 0.4451 0 0
0 2 2 -0.75 0.0388889 -0.388889 9 8.01822 0.7 0 0.0362517 2.31092 -0.873846 0 0
0 2 3 -0.75 0.0388889 -0.183333 0 10.0778 0.9 0 -0.962606 1.35307 -1.11907 0 0
0 2 3 -0.75 0.0388889 -0.183333 1 10.0596 0.9 0 -0.349943 1.53942 1.44912 0 0
0 2 3 -0.75 0.0388889 -0.183333 2 10.0438 0.9 0 -1.11331 1.74933 1.28059 0 0
0 2 3 -0.75 0.0388889 -0.183333 3 9.09294 0.8 0 -0.664916 0.827928 1.15781 0 0
0 2 3 -0.75 0.0388889 -0.183333 4 9.06928 0.8 0 -0.967799 1.21764 1.68309 0 0
0 2 3 -0.75 0.0388889 -0.183333 5 9.03234 0.8 0 -0.772127 1.98015 1.12433 0 0
0 2 3 -0.75 0.0388889 -0.183333 6 9.0302 0.8 0 -1.01603 2.15352 0.227366 0 0
0 2 3 -0.75 0.0388889 -0.183333 7 9.02021 0.8 0 0.378436 1.84149 -0.0590141 0 0
0 2 3 -0.75 0.0388889 -0.183333 8 9.01496 0.8 0 0.79425 0.26213 1.2305 0 0
0 2 3 -0.75 0.0388889 -0.183333 9 8.98722 0.8 0 0.799667 1.13349 1.29822 0 0
0 2 4 -0.75 0.0388889 0.0222222 0 11.0783 1 0 -0.660564 1.47315 0.475129 0 0
0 2 4 -0.75 0.0388889 0.0222222 1 11.0536 1 0 -0.499703 1.88239 -0.483052 0 0
0 2 4 -0.75 0.0388889 0.0222222 2 10.9963 1 0 0.813671 0.256734 -1.4937 0 0
0 2 4 -0.75 0.0388889 0.0222222 3 10.1061 0.9 0 -1.18756 0.650856 0.480989 0 0
0 2 4 -0.75 0.0388889 0.0222222 4 10.1013 0.9 0 -0.333215 0.804476 0.748816 0 0
0 2 4 -0.75 0.0388889 0.0222222 5 10.0888 0.9 0 -0.460998 0.940163 1.28783 0 0
0 2 4 -0.75 0.0388889 0.0222222 6 10.085 0.9 0 0.419973 0.807249 -0.799666 0 0
0 2 4 -0.75 0.0388889 0.0222222 7 10.0517 0.9 0 -1.10588 1.64434 1.17516 0 0
0 2 4 -0.75 0.0388889 0.0222222 8 10.0193 0.9 0 0.118231 2.2338 -1.14686 0 0
0 2 4 -0.75 0.0388889 0.0222222 9 10.0145 0.9 0 -0.198761 2.36873 -0.792396 0 0
0 2 5 -0.75 0.0388889 0.227778 0 11.0863 1 0 -0.621725 0.832509 1.68989 0 0
0 2 5 -0.75 0.0388889 0.227778 1 11.0806 1 0 -0.174561 1.45643 0.614536 0 0
0 2 5 -0.75 0.0388889 0.227778 2 11.077 1 0 0.0822269 1.47531 -0.70685 0 0
0 2 5 -0.75 0.0388889 0.227778 3 11.0146 1 0 -1.45018 2.28183 -0.313002 0 0
0 2 5 -0.75 0.0388889 0.227778 4 10.105 0.9 0 0.176786 0.0675256 1.37844 0 0
0 2 5 -0.75 0.0388889 0.227778 5 10.1 0.9 0 -0.187074 1.07794 -0.0368444 0 0
0 2 5 -0.75 0.0388889 0.227778 6 10.0961 0.9 0 -0.202804 0.561057 1.60418 0 0
0 2 5 -0.75 0.0388889 0.227778 7 10.0858 0.9 0 0.564757 0.0205278 0.0775526 0 0
0 2 5 -0.75 0.0388889 0.227778 8 10.0833 0.9 0 -0.00369914 1.03154 1.53509 0 0
0 2 5 -0.75 0.0388889 0.227778 9 10.0831 0.9 0 0.247937 1.165 -0.850853 0 0
0 2 6 -0.75 0.0388889 0.433333 0 11.0801 1 0 0.486691 0.456977 1.51 0 0
0 2 6 -0.75 0.0388889 0.433333 1 11.0798 1 0 -1.35318 1.06341 1.02881 0 0
0 2 6 -0.75 0.0388889 0.433333 2 11.0511 1 0 -1.14753 1.63559 1.24363 0 0
0 2 6 -0.75 0.0388889 0.433333 3 11.0413 1 0 -0.743699 1.74815 1.71051 0 0
0 2 6 -0.75 0.0388889 0.433333 4 11.0341 1 0 -1.54535 1.77847 1.50488 0 0
0 2 6 -0.75 0.0388889 0.433333 5 11.0101 1 0 -0.597251 2.41748 -0.553338 0 0
0 2 6 -0.75 0.0388889 0.433333 6 11.0093 1 0 -1.29961 2.16286 1.47533 0 0
0 2 6 -0.75 0.0388889 0.433333 7 11.0015 1 0 -1.42833 2.32048 0.81454 0 0
0 2 6 -0.75 0.0388889 0.433333 8 11.0003 1 0 -1.35363 2.45908 -0.242687 0 0
0 2 6 -0.75 0.0388889 0.433333 9 10.1102 0.9 0 0.0983883 0.663414 0.384175 0 0
0 2 7 -0.75 0.0388889 0.638889 0 11.104 1 0 0.192258 0.368192 1.25206 0 0
0 2 7 -0.75 0.0388889 0.638889 1 11.0968 1 0 -0.695882 0.39583 1.62927 0 0
0 2 7 -0.75 0.0388889 0.638889 2 11.0912 1 0 -0.00203303 1.01431 0.859961 0 0
0 2 7 -0.75 0.0388889 0.638889 3 11.0877 1 0 -0.181698 1.33819 -0.366831 0 0
0 2 7 -0.75 0.0388889 0.638889 4 11.0749 1 0 -0.92747 1.20837 1.31468 0 0
0 2 7 -0.75 0.0388889 0.638889 5 11.0611 1 0 -0.738546 1.47581 1.46534 0 0
0 2 7 -0.75 0.0388889 0.638889 6 11.0538 1 0 -0.279527 1.79721 -1.34126 0 0
0 2 7 -0.75 0.0388889 0.638889 7 11.0536 1 0 -0.341289 1.8374 -1.04416 0 0
0 2 7 -0.75 0.0388889 0.638889 8 11.0344 1 0 -0.239804 2.06038 -1.38167 0 0
0 2 7 -0.75 0.0388889 0.638889 9 11.0277 1 0 -0.690017 2.05543 1.07437 0 0
0 2 8 -0.75 0.0388889 0.844444 0 11.0966 1 0 -0.250481 0.607938 1.49274 0 0
0 2 8 -0.75 0.0388889 0.844444 1 11.0873 1 0 -0.552547 1.27527 -0.773937 0 0
0 2 8 -0.75 0.0388889 0.844444 2 11.0766 1 0 -0.869063 1.18236 1.3139 0 0
0 2 8 -0.75 0.0388889 0.844444 3 11.0732 1 0 -0.0471481 1.31826 1.34352 0 0
0 2 8 -0.75 0.0388889 0.844444 4 11.0671 1 0 -0.262524 1.33052 1.72743 0 0
0 2 8 -0.75 0.0388889 0.844444 5 11.0668 1 0 -0.542659 1.59607 -1.16492 0 0
0 2 8 -0.75 0.0388889 0.844444 6 11.0631 1 0 -0.872994 1.65156 -0.934464 0 0
0 2 8 -0.75 0.0388889 0.844444 7 11.0484 1 0 -0.761024 1.94343 -0.286436 0 0
0 2 8 -0.75 0.0388889 0.844444 8 11.0325 1 0 -0.225737 1.86074 -1.30015 0 0
0 2 8 -0.75 0.0388889 0.844444 9 11.0302 1 0 -1.42309 1.93626 1.02434 0 0
0 2 9 -0.75 0.0388889 1.05 0 11.109 1 0 -0.545957 0.742391 0.465805 0 0
0 2 9 -0.75 0.0388889 1.05 1 11.0806 1 0 -0.7104 1.25431 0.769949 0 0
0 2 9 -0.75 0.0388889 1.05 2 11.0722 1 0 -0.836834 1.50976 0.711355 0 0
0 2 9 -0.75 0.0388889 1.05 3 11.0721 1 0 -0.548866 1.37188 1.07408 0 0
0 2 9 -0.75 0.0388889 1.05 4 11.0657 1 0 -0.87473 1.61106 -0.913825 0 0
0 2 9 -0.75 0.0388889 1.05 5 11.0636 1 0 -0.737825 1.70892 -0.521092 0 0
0 2 9 -0.75 0.0388889 1.05 6 11.0627 1 0 -0.705504 1.72857 0.421284 0 0
0 2 9 -0.75 0.0388889 1.05 7 11.0575 1 0 -0.569451 1.74694 -1.16402 0 0
0 2 9 -0.75 0.0388889 1.05 8 11.0386 1 0 -1.46 1.77866 1.21942 0 0
0 2 9 -0.75 0.0388889 1.05 9 11.0316 1 0 -0.960377 1.92494 1.41522 0 0
0 3 0 -0.75 0.0833333 -0.8 0 6.09372 0.5 0 -0.227025 1.21352 0.419946 0 0
0 3 0 -0.75 0.0833333 -0.8 1 6.06967 0.5 0 0.525069 0.991591 0.70921 0 0
0 3 0 -0.75 0.0833333 -0.8 2 6.04149 0.5 0 0.555879 1.45445 1.16169 0 0
0 3 0 -0.75 0.0833333 -0.8 3 6.02676 0.5 0 0.733097 1.26954 0.868715 0 0
0 3 0 -0.75 0.0833333 -0.8 4 6.00452 0.5 0 -0.331019 2.43718 -1.18894 0 0
0 3 0 -0.75 0.0833333 -0.8 5 5.09506 0.4 0 0.322246 0.0223187 1.65249 0 0
0 3 0 -0.75 0.0833333 -0.8 6 5.06333 0.4 0 0.305806 1.53861 -0.424341 0 0
0 3 0 -0.75 0.0833333 -0.8 7 5.06145 0.4 0 0.319641 1.50095 0.941729 0 0
0 3 0 -0.75 0.0833333 -0.8 8 5.06117 0.4 0 -0.0075508 1.74312 -0.957345 0 0
0 3 0 -0.75 0.0833333 -0.8 9 5.05296 0.4 0 -0.344147 1.91407 -0.0766109 0 0
0 3 1 -0.75 0.0833333 -0.594444 0 9.06846 0.8 0 0.127952 1.61944 0.273786 0 0
0 3 1 -0.75 0.0833333 -0.594444 1 8.10307 0.7 0 -0.216652 0.526728 1.0796 0 0
0 3 1 -0.75 0.0833333 -0.594444 2 8.09941 0.7 0 -0.307124 0.421487 1.5359 0 0
0 3 1 -0.75 0.0833333 -0.594444 3 8.08574 0.7 0 0.298383 1.09807 -0.329455 0 0
0 3 1 -0.75 0.0833333 -0.594444 4 8.05057 0.7 0 -0.307181 1.66318 1.58192 0 0
0 3 1 -0.75 0.0833333 -0.594444 5 7.10613 0.6 0 0.225052 0.268357 1.0994 0 0
0 3 1 -0.75 0.0833333 -0.594444 6 7.08673 0.6 0 0.506472 0.232496 0.994485 0 0
0 3 1 -0.75 0.0833333 -0.594444 7 7.0594 0.6 0 -0.248525 1.80106 -0.696742 0 0
0 3 1 -0.75 0.0833333 -0.594444 8 7.04733 0.6 0 0.208921 1.76865 1.328 0 0
0 3 1 -0.75 0.0833333 -0.594444 9 7.04121 0.6 0 -0.083179 2.0863 0.117329 0 0
0 3 2 -0.75 0.0833333 -0.388889 0 9.0488 0.8 0 -0.537991 1.77194 1.06849 0 0
0 3 2 -0.75 0.0833333 -0.388889 1 8.09927 0.7 0 0.234134 0.83792 0.0274601 0 0
0 3 2 -0.75 0.0833333 -0.388889 2 8.06956 0.7 0 -0.671881 1.627 -0.40967 0 0
0 3 2 -0.75 0.0833333 -0.388889 3 8.06734 0.7 0 0.676701 0.0827836 0.723435 0 0
0 3 2 -0.75 0.0833333 -0.388889 4 8.05378 0.7 0 0.228834 1.62437 1.48095 0 0
0 3 2 -0.75 0.0833333 -0.388889 5 8.04169 0.7 0 0.328489 1.66349 -1.74791 0 0
0 3 2 -0.75 0.0833333 -0.388889 6 8.01655 0.7 0 0.487192 1.8959 1.54117 0 0
0 3 2 -0.75 0.0833333 -0.388889 7 8.01122 0.7 0 0.160899 2.34649 -0.714474 0 0
0 3 2 -0.75 0.0833333 -0.388889 8 7.11503 0.6 0 -0.432635 0.28561 0.714781 0 0
0 3 2 -0.75 0.0833333 -0.388889 9 7.10522 0.6 0 -0.136517 0.471995 0.970176 0 0
0 3 3 -0.75 0.0833333 -0.183333 0 11.0882 1 0 -0.00933536 1.19444 0.738001 0 0
0 3 3 -0.75 0.0833333 -0.183333 1 10.0565 0.9 0 -0.652699 1.81867 -0.630275 0 0
0 3 3 -0.75 0.0833333 -0.183333 2 9.10232 0.8 0 -0.209917 0.557011 1.09536 0 0
0 3 3 -0.75 0.0833333 -0.183333 3 9.08456 0.8 0 -1.03422 1.30818 -0.0882441 0 0
0 3 3 -0.75 0.0833333 -0.183333 4 9.06765 0.8 0 -0.807008 1.30588 1.59669 0 0
0 3 3 -0.75 0.0833333 -0.183333 5 9.06133 0.8 0 -0.224607 1.49494 1.53319 0 0
0 3 3 -0.75 0.0833333 -0.183333 6 9.05774 0.8 0 -0.249004 1.74875 -1.28055 0 0
0 3 3 -0.75 0.0833333 -0.183333 7 9.05118 0.8 0 0.707042 0.630754 1.17733 0 0
0 3 3 -0.75 0.0833333 -0.183333 8 9.03941 0.8 0 -0.749236 1.99359 -1.13543 0 0
0 3 3 -0.75 0.0833333 -0.183333 9 8.10663 0.7 0 0.0795307 0.797081 0.568476 0 0
0 3 4 -0.75 0.0833333 0.0222222 0 11.0427 1 0 -0.262133 1.84803 1.26049 0 0
0 3 4 -0.75 0.0833333 0.0222222 1 11.0315 1 0 0.371951 1.84949 -1.38914 0 0
0 3 4 -0.75 0.0833333 0.0222222 2 11.0134 1 0 -1.15896 2.33313 0.411247 0 0
0 3 4 -0.75 0.0833333 0.0222222 3 10.0833 0.9 0 0.377224 0.835408 1.25679 0 0
0 3 4 -0.75 0.0833333 0.0222222 4 10.0769 0.9 0 0.026636 1.51287 0.632341 0 0
0 3 4 -0.75 0.0833333 0.0222222 5 10.0659 0.9 0 0.272092 1.48848 0.833269 0 0
0 3 4 -0.75 0.0833333 0.0222222 6 10.0581 0.9 0 -0.356306 1.82399 -0.483219 0 0
0 3 4 -0.75 0.0833333 0.0222222 7 10.0556 0.9 0 0.573069 1.23681 -0.422736 0 0
0 3 4 -0.75 0.0833333 0.0222222 8 10.0294 0.9 0 -0.913418 2.07326 -1.36825 0 0
0 3 4 -0.75 0.0833333 0.0222222 9 10.0054 0.9 0 -0.920113 2.4385 0.593853 0 0
0 3 5 -0.75 0.0833333 0.227778 0 11.095 1 0 -0.572682 0.558882 1.60048 0 0
0 3 5 -0.75 0.0833333 0.227778 1 11.089 1 0 -0.0622841 1.33646 -0.0739732 0 0
0 3 5 -0.75 0.0833333 0.227778 2 11.0453 1 0 -0.428797 1.8589 0.85705 0 0
0 3 5 -0.75 0.0833333 0.227778 3 11.0411 1 0 -1.48561 1.92685 0.561012 0 0
0 3 5 -0.75 0.0833333 0.227778 4 11.039 1 0 -1.40969 1.86061 -1.40775 0 0
0 3 5 -0.75 0.0833333 0.227778 5 11.0375 1 0 -0.0354613 2.10686 -0.672432 0 0
0 3 5 -0.75 0.0833333 0.227778 6 11.0023 1 0 -1.50904 2.39362 -0.720102 0 0
0 3 5 -0.75 0.0833333 0.227778 7 10.1057 0.9 0 -0.17245 0.92495 0.158387 0 0
0 3 5 -0.75 0.0833333 0.227778 8 10.0986 0.9 0 -0.581816 0.647263 1.13358 0 0
0 3 5 -0.75 0.0833333 0.227778 9 10.0966 0.9 0 -0.42207 0.717586 1.21896 0 0
0 3 6 -0.75 0.0833333 0.433333 0 11.1096 1 0 -0.0879556 0.814021 0.310535 0 0
0 3 6 -0.75 0.0833333 0.433333 1 11.0921 1 0 -0.997969 1.12136 0.598696 0 0
0 3 6 -0.75 0.0833333 0.433333 2 11.0884 1 0 -1.09869 0.825963 1.27129 0 0
0 3 6 -0.75 0.0833333 0.433333 3 11.0686 1 0 0.0381281 1.60148 -1.02141 0 0
0 3 6 -0.75 0.0833333 0.433333 4 11.0679 1 0 -0.958527 1.62163 -0.376967 0 0
0 3 6 -0.75 0.0833333 0.433333 5 11.0561 1 0 -1.32084 1.56654 0.963491 0 0
0 3 6 -0.75 0.0833333 0.433333 6 11.0547 1 0 -0.24497 1.61322 1.51706 0 0
0 3 6 -0.75 0.0833333 0.433333 7 11.0504 1 0 -0.567623 1.66499 1.51306 0 0
0 3 6 -0.75 0.0833333 0.433333 8 11.0434 1 0 -0.18747 2.03042 -0.577521 0 0
0 3 6 -0.75 0.0833333 0.433333 9 11.0117 1 0 -0.42342 2.40526 -0.630326 0 0
0 3 7 -0.75 0.0833333 0.638889 0 11.1 1 0 -0.110403 0.114648 1.73519 0 0
0 3 7 -0.75 0.0833333 0.638889 1 11.0917 1 0 -0.199267 1.24834 0.488173 0 0
0 3 7 -0.75 0.0833333 0.638889 2 11.0809 1 0 -1.07101 1.14744 0.851384 0 0
0 3 7 -0.75 0.0833333 0.638889 3 11.0789 1 0 -0.391132 1.21068 1.2314 0 0
0 3 7 -0.75 0.0833333 0.638889 4 11.0784 1 0 -0.185147 1.47306 -0.801678 0 0
0 3 7 -0.75 0.0833333 0.638889 5 11.0574 1 0 -0.0832663 1.52319 1.71072 0 0
0 3 7 -0.75 0.0833333 0.638889 6 11.0309 1 0 -0.247965 2.06365 0.85531 0 0
0 3 7 -0.75 0.0833333 0.638889 7 11.03 1 0 -0.926892 2.16889 -0.182874 0 0
0 3 7 -0.75 0.0833333 0.638889 8 11.0075 1 0 -0.428982 2.39561 -1.24046 0 0
0 3 7 -0.75 0.0833333 0.638889 9 11.0029 1 0 -0.897481 2.30883 1.33286 0 0
0 3 8 -0.75 0.0833333 0.844444 0 11.0985 1 0 -0.0479795 0.820676 -1.59021 0 0
0 3 8 -0.75 0.0833333 0.844444 1 11.0972 1 0 0.32027 0.0149699 -1.50791 0 0
0 3 8 -0.75 0.0833333 0.844444 2 11.0942 1 0 -0.739474 1.15357 0.19079 0 0
0 3 8 -0.75 0.0833333 0.844444 3 11.0803 1 0 -1.3064 0.987333 1.30609 0 0
0 3 8 -0.75 0.0833333 0.844444 4 11.0583 1 0 -0.707805 1.75989 -0.842429 0 0
0 3 8 -0.75 0.0833333 0.844444 5 11.0416 1 0 -1.28207 1.95744 0.498814 0 0
0 3 8 -0.75 0.0833333 0.844444 6 11.0359 1 0 -0.530021 2.11853 0.394985 0 0
0 3 8 -0.75 0.0833333 0.844444 7 11.0187 1 0 -0.743316 2.155 1.16283 0 0
0 3 8 -0.75 0.0833333 0.844444 8 10.9716 1 0 -0.861479 2.42478 0.757661 0 0
0 3 8 -0.75 0.0833333 0.844444 9 10.0989 0.9 0 0.0136754 0.512435 1.48913 0 0
0 3 9 -0.75 0.0833333 1.05 0 11.0941 1 0 -0.644984 1.17788 -0.069613 0 0
0 3 9 -0.75 0.0833333 1.05 1 11.0902 1 0 -0.541304 0.751581 1.61478 0 0
0 3 9 -0.75 0.0833333 1.05 2 11.0842 1 0 -0.576897 1.05183 1.28395 0 0
0 3 9 -0.75 0.0833333 1.05 3 11.0694 1 0 -0.56761 1.58088 -0.998348 0 0
0 3 9 -0.75 0.0833333 1.05 4 11.0628 1 0 -0.750371 1.73886 -0.000108414 0 0
0 3 9 -0.75 0.0833333 1.05 5 11.059 1 0 -0.567522 1.80104 0.448238 0 0
0 3 9 -0.75 0.0833333 1.05 6 11.0576 1 0 -1.20661 1.71882 0.679982 0 0
0 3 9 -0.75 0.0833333 1.05 7 11.0402 1 0 -1.34389 1.96107 0.59034 0 0
0 3 9 -0.75 0.0833333 1.05 8 11.0392 1 0 -1.2412 1.72399 1.66337 0 0
0 3 9 -0.75 0.0833333 1.05 9 11.0254 1 0 -1.31331 2.03542 -1.58989 0 0
0 4 0 -0.75 0.127778 -0.8 0 7.03384 0.6 0 -0.116655 2.03706 -1.58462 0 0
0 4 0 -0.75 0.127778 -0.8 1 6.08883 0.5 0 0.288899 1.03843 0.276808 0 0
0 4 0 -0.75 0.127778 -0.8 2 5.10031 0.4 0 0.0397641 0.155929 1.70132 0 0
0 4 0 -0.75 0.127778 -0.8 3 5.0971 0.4 0 -0.0894619 1.16355 -0.0516553 0 0
0 4 0 -0.75 0.127778 -0.8 4 5.08842 0.4 0 0.406583 0.788982 0.491302 0 0
0 4 0 -0.75 0.127778 -0.8 5 5.08231 0.4 0 0.373744 1.0101 0.719129 0 0
0 4 0 -0.75 0.127778 -0.8 6 5.06587 0.4 0 -0.245879 1.70629 -0.649171 0 0
0 4 0 -0.75 0.127778 -0.8 7 5.06474 0.4 0 0.0137228 1.41183 1.6268 0 0
0 4 0 -0.75 0.127778 -0.8 8 5.05578 0.4 0 0.258787 1.64591 -1.03786 0 0
0 4 0 -0.75 0.127778 -0.8 9 5.00498 0.4 0 -0.298893 1.37403 -0.58739 0 0
0 4 1 -0.75 0.127778 -0.594444 0 7.10914 0.6 0 0.057207 0.737156 0.544715 0 0
0 4 1 -0.75 0.127778 -0.594444 1 7.09073 0.6 0 -0.353942 0.751166 1.63141 0 0
0 4 1 -0.75 0.127778 -0.594444 2 7.08804 0.6 0 -0.249902 1.08478 0.879205 0 0
0 4 1 -0.75 0.127778 -0.594444 3 7.0702 0.6 0 0.22677 1.46671 0.747344 0 0
0 4 1 -0.75 0.127778 -0.594444 4 7.06641 0.6 0 0.0220635 1.69007 0.62663 0 0
0 4 1 -0.75 0.127778 -0.594444 5 7.04377 0.6 0 -0.250494 2.03786 -0.436332 0 0
0 4 1 -0.75 0.127778 -0.594444 6 7.03601 0.6 0 0.659634 1.32865 -0.903354 0 0
0 4 1 -0.75 0.127778 -0.594444 7 7.01073 0.6 0 -0.18747 2.33202 -1.47735 0 0
0 4 1 -0.75 0.127778 -0.594444 8 6.08226 0.5 0 0.519439 0.144222 1.35596 0 0
0 4 1 -0.75 0.127778 -0.594444 9 6.06974 0.5 0 0.214622 1.42484 1.14542 0 0
0 4 2 -0.75 0.127778 -0.388889 0 10.1049 0.9 0 -0.0990432 0.448897 1.05566 0 0
0 4 2 -0.75 0.127778 -0.388889 1 8.09988 0.7 0 -0.346429 0.50562 1.37869 0 0
0 4 2 -0.75 0.127778 -0.388889 2 8.08169 0.7 0 0.091135 1.41282 -0.33676 0 0
0 4 2 -0.75 0.127778 -0.388889 3 8.07546 0.7 0 0.0979124 1.29485 1.24503 0 0
0 4 2 -0.75 0.127778 -0.388889 4 8.07382 0.7 0 -0.693526 1.53918 0.544351 0 0
0 4 2 -0.75 0.127778 -0.388889 5 8.06899 0.7 0 -0.0962598 1.29285 1.74116 0 0
0 4 2 -0.75 0.127778 -0.388889 6 8.05932 0.7 0 0.695751 0.474299 0.842027 0 0
0 4 2 -0.75 0.127778 -0.388889 7 8.03577 0.7 0 0.637778 1.46629 0.0665265 0 0
0 4 2 -0.75 0.127778 -0.388889 8 8.03163 0.7 0 -0.777194 1.4158 -1.23037 0 0
0 4 2 -0.75 0.127778 -0.388889 9 7.10527 0.6 0 -0.498398 0.146273 1.24147 0 0
0 4 3 -0.75 0.127778 -0.183333 0 10.0239 0.9 0 -0.201499 2.10967 1.21994 0 0
0 4 3 -0.75 0.127778 -0.183333 1 9.94579 0.9 0 -0.925877 2.37264 1.66321 0 0
0 4 3 -0.75 0.127778 -0.183333 2 9.08561 0.8 0 0.0508305 1.37012 0.186812 0 0
0 4 3 -0.75 0.127778 -0.183333 3 9.08091 0.8 0 -1.02522 1.14625 0.901939 0 0
0 4 3 -0.75 0.127778 -0.183333 4 9.07584 0.8 0 0.543654 0.245177 1.59415 0 0
0 4 3 -0.75 0.127778 -0.183333 5 9.05645 0.8 0 0.618133 1.05348 0.596678 0 0
0 4 3 -0.75 0.127778 -0.183333 6 9.04824 0.8 0 -0.9681 1.73163 1.10052 0 0
0 4 3 -0.75 0.127778 -0.183333 7 9.01839 0.8 0 -0.792952 2.315 -0.406955 0 0
0 4 3 -0.75 0.127778 -0.183333 8 8.08152 0.7 0 -1.03978 1.19265 -0.398128 0 0
0 4 3 -0.75 0.127778 -0.183333 9 8.07838 0.7 0 -0.799781 1.04477 1.64911 0 0
0 4 4 -0.75 0.127778 0.0222222 0 11.0692 1 0 -0.134876 1.68635 0.0304994 0 0
0 4 4 -0.75 0.127778 0.0222222 1 10.084 0.9 0 -0.173256 1.35623 0.706274 0 0
0 4 4 -0.75 0.127778 0.0222222 2 10.0827 0.9 0 -0.379533 1.41704 0.49785 0 0
0 4 4 -0.75 0.127778 0.0222222 3 10.0795 0.9 0 0.145308 1.38573 -0.583999 0 0
0 4 4 -0.75 0.127778 0.0222222 4 10.0763 0.9 0 -1.09749 1.44498 0.438161 0 0
0 4 4 -0.75 0.127778 0.0222222 5 10.0603 0.9 0 -1.1986 1.70798 -0.200151 0 0
0 4 4 -0.75 0.127778 0.0222222 6 10.0414 0.9 0 -0.581384 1.75577 1.73205 0 0
0 4 4 -0.75 0.127778 0.0222222 7 10.0168 0.9 0 0.784754 0.827799 0.475977 0 0
0 4 4 -0.75 0.127778 0.0222222 8 9.09486 0.8 0 0.322201 0.202409 1.61409 0 0
0 4 4 -0.75 0.127778 0.0222222 9 9.08507 0.8 0 0.368944 0.98863 0.391932 0 0
0 4 5 -0.75 0.127778 0.227778 0 11.0977 1 0 -0.880839 0.494145 1.33369 0 0
0 4 5 -0.75 0.127778 0.227778 1 11.0814 1 0 0.185885 1.12729 -1.48252 0 0
0 4 5 -0.75 0.127778 0.227778 2 11.0802 1 0 0.100509 1.41904 0.53208 0 0
0 4 5 -0.75 0.127778 0.227778 3 11.0759 1 0 -1.33684 1.14594 1.09295 0 0
0 4 5 -0.75 0.127778 0.227778 4 11.0693 1 0 -0.32269 1.54324 -1.33542 0 0
0 4 5 -0.75 0.127778 0.227778 5 11.0658 1 0 -0.242586 1.70022 -0.721248 0 0
0 4 5 -0.75 0.127778 0.227778 6 11.0633 1 0 0.698398 0.389043 0.162763 0 0
0 4 5 -0.75 0.127778 0.227778 7 11.0504 1 0 -0.707585 1.912 -0.36553 0 0
0 4 5 -0.75 0.127778 0.227778 8 11.0269 1 0 -1.15991 2.13232 -0.937426 0 0
0 4 5 -0.75 0.127778 0.227778 9 10.1002 0.9 0 0.00393313 1.07251 -0.0210707 0 0
0 4 6 -0.75 0.127778 0.433333 0 11.1167 1 0 0.046772 0.422649 0.433779 0 0
0 4 6 -0.75 0.127778 0.433333 1 11.0925 1 0 -0.572429 0.796202 1.33053 0 0
0 4 6 -0.75 0.127778 0.433333 2 11.0902 1 0 0.119226 0.922412 1.30062 0 0
0 4 6 -0.75 0.127778 0.433333 3 11.067 1 0 -0.0811838 1.42511 1.40328 0 0
0 4 6 -0.75 0.127778 0.433333 4 11.0459 1 0 -1.0175 1.65903 1.63523 0 0
0 4 6 -0.75 0.127778 0.433333 5 11.0457 1 0 -0.0736103 2.00168 -0.671946 0 0
0 4 6 -0.75 0.127778 0.433333 6 11.0332 1 0 -0.0935736 1.91382 1.65778 0 0
0 4 6 -0.75 0.127778 0.433333 7 11.0273 1 0 -1.49098 1.99442 -1.51634 0 0
0 4 6 -0.75 0.127778 0.433333 8 11.0127 1 0 0.802522 0.177333 0.829062 0 0
0 4 6 -0.75 0.127778 0.433333 9 11.01 1 0 -1.15908 2.38015 -0.0521317 0 0
0 4 7 -0.75 0.127778 0.638889 0 11.0989 1 0 -0.72123 1.02721 0.369797 0 0
0 4 7 -0.75 0.127778 0.638889 1 11.0925 1 0 -1.4374 0.0808833 1.6341 0 0
0 4 7 -0.75 0.127778 0.638889 2 11.0914 1 0 -1.51841 0.335819 1.49446 0 0
0 4 7 -0.75 0.127778 0.638889 3 11.0914 1 0 -0.777246 0.923328 0.916483 0 0
0 4 7 -0.75 0.127778 0.638889 4 11.0899 1 0 0.201392 1.10993 -0.527047 0 0
0 4 7 -0.75 0.127778 0.638889 5 11.0833 1 0 0.213417 1.2216 -0.719964 0 0
0 4 7 -0.75 0.127778 0.638889 6 11.078 1 0 -1.08647 1.16362 1.07702 0 0
0 4 7 -0.75 0.127778 0.638889 7 11.0531 1 0 -1.22623 1.52222 1.55121 0 0
0 4 7 -0.75 0.127778 0.638889 8 11.0526 1 0 -0.946632 1.61706 1.36823 0 0
0 4 7 -0.75 0.127778 0.638889 9 11.0368 1 0 -1.18759 2.0492 0.0870509 0 0
0 4 8 -0.75 0.127778 0.844444 0 11.105 1 0 -0.203713 0.946242 0.17839 0 0
0 4 8 -0.75 0.127778 0.844444 1 11.0995 1 0 -0.396079 0.178459 1.70225 0 0
0 4 8 -0.75 0.127778 0.844444 2 11.0992 1 0 -0.373315 0.240484 1.69505 0 0
0 4 8 -0.75 0.127778 0.844444 3 11.0758 1 0 -0.910657 1.40297 0.72534 0 0
0 4 8 -0.75 0.127778 0.844444 4 11.0712 1 0 -1.44383 1.12785 1.46491 0 0
0 4 8 -0.75 0.127778 0.844444 5 11.0706 1 0 -0.54102 1.6317 0.0401549 0 0
0 4 8 -0.75 0.127778 0.844444 6 11.0637 1 0 -0.819301 1.68612 0.682875 0 0
0 4 8 -0.75 0.127778 0.844444 7 11.0594 1 0 -0.839305 1.64871 0.756791 0 0
0 4 8 -0.75 0.127778 0.844444 8 11.0404 1 0 -0.1708 1.79869 1.70262 0 0
0 4 8 -0.75 0.127778 0.844444 9 11.0168 1 0 -0.316643 2.16142 1.45552 0 0
0 4 9 -0.75 0.127778 1.05 0 11.0943 1 0 -0.565411 1.17262 0.283756 0 0
0 4 9 -0.75 0.127778 1.05 1 11.0848 1 0 -0.639515 1.36694 0.284448 0 0
0 4 9 -0.75 0.127778 1.05 2 11.0824 1 0 -0.867495 1.37346 0.298787 0 0
0 4 9 -0.75 0.127778 1.05 3 11.0785 1 0 -0.386364 1.43361 -0.996014 0 0
0 4 9 -0.75 0.127778 1.05 4 11.0646 1 0 -0.762785 1.70421 -0.312154 0 0
0 4 9 -0.75 0.127778 1.05 5 11.0539 1 0 -0.512936 1.79266 -1.23186 0 0
0 4 9 -0.75 0.127778 1.05 6 11.0497 1 0 -0.898744 1.91075 -0.0462021 0 0
0 4 9 -0.75 0.127778 1.05 7 11.039 1 0 -0.355893 1.54977 -0.172804 0 0
0 4 9 -0.75 0.127778 1.05 8 11.0072 1 0 -1.04634 2.40848 -0.466451 0 0
0 4 9 -0.75 0.127778 1.05 9 11.0066 1 0 -1.25316 2.40405 0.0359291 0 0
0 5 0 -0.75 0.172222 -0.8 0 7.0843 0.6 0 -0.173058 0.963498 1.63688 0 0
0 5 0 -0.75 0.172222 -0.8 1 6.07669 0.5 0 0.514149 0.283638 1.72322 0 0
0 5 0 -0.75 0.172222 -0.8 2 6.06778 0.5 0 0.389428 1.31756 -0.722922 0 0
0 5 0 -0.75 0.172222 -0.8 3 6.0136 0.5 0 0.386973 2.14377 -0.879472 0 0
0 5 0 -0.75 0.172222 -0.8 4 5.09607 0.4 0 -0.151929 0.580354 1.58606 0 0
0 5 0 -0.75 0.172222 -0.8 5 5.09213 0.4 0 0.077822 1.19011 0.573514 0 0
0 5 0 -0.75 0.172222 -0.8 6 5.09201 0.4 0 -0.121616 1.27157 -0.145495 0 0
0 5 0 -0.75 0.172222 -0.8 7 5.08374 0.4 0 0.242554 0.903347 1.71076 0 0
0 5 0 -0.75 0.172222 -0.8 8 5.08361 0.4 0 0.155065 1.31656 -0.304145 0 0
0 5 0 -0.75 0.172222 -0.8 9 5.06585 0.4 0 0.607813 0.244312 1.72576 0 0
0 5 1 -0.75 0.172222 -0.594444 0 7.08434 0.6 0 -0.322036 1.36595 -0.740202 0 0
0 5 1 -0.75 0.172222 -0.594444 1 6.05913 0.5 0 -0.0109471 1.69591 -1.4383 0 0
0 5 1 -0.75 0.172222 -0.594444 2 6.02528 0.5 0 -0.0861392 2.21407 -1.13946 0 0
0 5 1 -0.75 0.172222 -0.594444 3 5.09314 0.4 0 -0.391458 0.873671 1.1209 0 0
0 5 1 -0.75 0.172222 -0.594444 4 5.09191 0.4 0 -0.375624 1.2491 0.20765 0 0
0 5 1 -0.75 0.172222 -0.594444 5 5.09016 0.4 0 0.343299 0.583986 1.44555 0 0
0 5 1 -0.75 0.172222 -0.594444 6 5.07888 0.4 0 0.372659 1.11733 -0.591217 0 0
0 5 1 -0.75 0.172222 -0.594444 7 5.06126 0.4 0 0.43792 1.22084 1.46191 0 0
0 5 1 -0.75 0.172222 -0.594444 8 5.05282 0.4 0 -0.24988 1.63523 1.55395 0 0
0 5 1 -0.75 0.172222 -0.594444 9 5.05024 0.4 0 0.125116 1.73406 1.28274 0 0
0 5 2 -0.75 0.172222 -0.388889 0 10.0446 0.9 0 0.452427 1.68056 0.0969873 0 0
0 5 2 -0.75 0.172222 -0.388889 1 9.05921 0.8 0 -0.248023 1.79735 -0.764423 0 0
0 5 2 -0.75 0.172222 -0.388889 2 8.98168 0.8 0 0.489319 2.34052 -1.51046 0 0
0 5 2 -0.75 0.172222 -0.388889 3 8.10302 0.7 0 -0.358939 0.0222957 1.50125 0 0
0 5 2 -0.75 0.172222 -0.388889 4 8.09574 0.7 0 0.179983 0.75229 1.27241 0 0
0 5 2 -0.75 0.172222 -0.388889 5 8.08227 0.7 0 -0.486696 1.1698 1.04203 0 0
0 5 2 -0.75 0.172222 -0.388889 6 8.08062 0.7 0 0.180508 1.33968 0.476489 0 0
0 5 2 -0.75 0.172222 -0.388889 7 8.07577 0.7 0 0.277513 1.3518 -0.166345 0 0
0 5 2 -0.75 0.172222 -0.388889 8 8.04246 0.7 0 0.50246 1.607 0.666351 0 0
0 5 2 -0.75 0.172222 -0.388889 9 8.03935 0.7 0 0.059944 1.93285 1.0276 0 0
0 5 3 -0.75 0.172222 -0.183333 0 11.058 1 0 0.574705 1.05251 -1.16915 0 0
0 5 3 -0.75 0.172222 -0.183333 1 10.0903 0.9 0 0.140122 0.998739 1.02698 0 0
0 5 3 -0.75 0.172222 -0.183333 2 10.035 0.9 0 -0.0513407 2.1294 -0.786457 0 0
0 5 3 -0.75 0.172222 -0.183333 3 9.10074 0.8 0 0.228919 0.458497 1.3412 0 0
0 5 3 -0.75 0.172222 -0.183333 4 9.1002 0.8 0 -0.121303 0.774036 0.789469 0 0
0 5 3 -0.75 0.172222 -0.183333 5 9.08873 0.8 0 -0.909316 0.941356 1.03193 0 0
0 5 3 -0.75 0.172222 -0.183333 6 9.06846 0.8 0 0.586298 0.886589 0.0460079 0 0
0 5 3 -0.75 0.172222 -0.183333 7 9.06738 0.8 0 -0.761942 1.33773 1.52575 0 0
0 5 3 -0.75 0.172222 -0.183333 8 9.06503 0.8 0 -0.402434 1.71702 0.544274 0 0
0 5 3 -0.75 0.172222 -0.183333 9 9.04992 0.8 0 0.261139 1.71259 1.19584 0 0
0 5 4 -0.75 0.172222 0.0222222 0 10.081 0.9 0 -0.48822 1.43307 0.592662 0 0
0 5 4 -0.75 0.172222 0.0222222 1 10.061 0.9 0 -0.8758 1.73162 -0.462521 0 0
0 5 4 -0.75 0.172222 0.0222222 2 10.0496 0.9 0 0.582346 1.11455 -1.57035 0 0
0 5 4 -0.75 0.172222 0.0222222 3 10.0364 0.9 0 -0.192074 2.14013 0.031566 0 0
0 5 4 -0.75 0.172222 0.0222222 4 9.0967 0.8 0 -0.24113 1.14389 0.447003 0 0
0 5 4 -0.75 0.172222 0.0222222 5 9.09012 0.8 0 0.0530744 0.814407 1.58343 0 0
0 5 4 -0.75 0.172222 0.0222222 6 9.07809 0.8 0 -0.0848693 1.32831 0.806014 0 0
0 5 4 -0.75 0.172222 0.0222222 7 9.06193 0.8 0 -0.289918 1.79144 0.161871 0 0
0 5 4 -0.75 0.172222 0.0222222 8 9.06088 0.8 0 -0.881637 1.47139 1.42102 0 0
0 5 4 -0.75 0.172222 0.0222222 9 9.0585 0.8 0 0.0368021 1.81945 -0.448841 0 0
0 5 5 -0.75 0.172222 0.227778 0 11.0895 1 0 -0.141037 1.32163 -0.152642 0 0
0 5 5 -0.75 0.172222 0.227778 1 11.0861 1 0 -1.35606 1.17518 0.551937 0 0
0 5 5 -0.75 0.172222 0.227778 2 11.0308 1 0 -1.01173 2.03531 -1.41704 0 0
0 5 5 -0.75 0.172222 0.227778 3 11.0261 1 0 -1.13609 2.19192 -0.221435 0 0
0 5 5 -0.75 0.172222 0.227778 4 11.0226 1 0 -1.22761 2.12063 -1.33576 0 0
0 5 5 -0.75 0.172222 0.227778 5 11.0203 1 0 -1.35418 2.0891 0.939413 0 0
0 5 5 -0.75 0.172222 0.227778 6 11.0153 1 0 -1.21627 2.23854 -1.14769 0 0
0 5 5 -0.75 0.172222 0.227778 7 10.0941 0.9 0 0.0170064 1.16665 -0.661945 0 0
0 5 5 -0.75 0.172222 0.227778 8 10.0871 0.9 0 -0.408954 1.3247 -0.583745 0 0
0 5 5 -0.75 0.172222 0.227778 9 10.0818 0.9 0 -0.948724 1.37582 0.342471 0 0
0 5 6 -0.75 0.172222 0.433333 0 11.0988 1 0 -0.493035 0.596249 1.26151 0 0
0 5 6 -0.75 0.172222 0.433333 1 11.08 1 0 -1.30901 0.885913 1.60068 0 0
0 5 6 -0.75 0.172222 0.433333 2 11.08 1 0 0.562938 0.556237 0.272661 0 0
0 5 6 -0.75 0.172222 0.433333 3 11.0746 1 0 0.0395555 1.5774 -0.0985653 0 0
0 5 6 -0.75 0.172222 0.433333 4 11.0719 1 0 -0.341887 1.36554 1.20882 0 0
0 5 6 -0.75 0.172222 0.433333 5 11.0532 1 0 -1.17869 1.82372 0.0579933 0 0
0 5 6 -0.75 0.172222 0.433333 6 11.0251 1 0 0.785983 0.106186 0.976484 0 0
0 5 6 -0.75 0.172222 0.433333 7 10.1102 0.9 0 -0.00178026 0.179081 0.814947 0 0
0 5 6 -0.75 0.172222 0.433333 8 10.104 0.9 0 0.295359 0.118031 1.02169 0 0
0 5 6 -0.75 0.172222 0.433333 9 10.0991 0.9 0 -0.458073 0.0385916 1.74571 0 0
0 5 7 -0.75 0.172222 0.638889 0 11.112 1 0 0.175026 0.227222 0.736391 0 0
0 5 7 -0.75 0.172222 0.638889 1 11.1001 1 0 -0.432415 0.505097 1.33818 0 0
0 5 7 -0.75 0.172222 0.638889 2 11.0966 1 0 -0.74008 0.626151 1.27802 0 0
0 5 7 -0.75 0.172222 0.638889 3 11.0873 1 0 -0.674006 0.771885 1.72413 0 0
0 5 7 -0.75 0.172222 0.638889 4 11.0721 1 0 -0.228065 1.54979 -1.07691 0 0
0 5 7 -0.75 0.172222 0.638889 5 11.0506 1 0 -0.197348 1.93516 -0.521826 0 0
0 5 7 -0.75 0.172222 0.638889 6 11.05 1 0 -1.14742 1.67125 1.14152 0 0
0 5 7 -0.75 0.172222 0.638889 7 11.0402 1 0 -0.924864 1.79429 1.47454 0 0
0 5 7 -0.75 0.172222 0.638889 8 11.0383 1 0 -0.728791 2.06316 0.585238 0 0
0 5 7 -0.75 0.172222 0.638889 9 11.0279 1 0 -0.763622 2.17047 -0.879834 0 0
0 5 8 -0.75 0.172222 0.844444 0 11.0954 1 0 -0.884255 0.366489 1.6626 0 0
0 5 8 -0.75 0.172222 0.844444 1 11.0935 1 0 -0.459531 1.13543 -0.892942 0 0
0 5 8 -0.75 0.172222 0.844444 2 11.0913 1 0 -0.282523 1.10147 -1.33844 0 0
0 5 8 -0.75 0.172222 0.844444 3 11.0902 1 0 -0.734801 1.24655 -0.0615955 0 0
0 5 8 -0.75 0.172222 0.844444 4 11.0863 1 0 -1.27562 0.60216 1.7344 0 0
0 5 8 -0.75 0.172222 0.844444 5 11.0708 1 0 -0.397276 1.33634 1.40892 0 0
0 5 8 -0.75 0.172222 0.844444 6 11.0641 1 0 -0.654194 1.70303 -0.62466 0 0
0 5 8 -0.75 0.172222 0.844444 7 11.0602 1 0 -1.25615 1.70103 0.195054 0 0
0 5 8 -0.75 0.172222 0.844444 8 11.048 1 0 -1.12826 1.8489 -0.977015 0 0
0 5 8 -0.75 0.172222 0.844444 9 11.0465 1 0 -1.41526 1.87474 0.235721 0 0
0 5 9 -0.75 0.172222 1.05 0 11.1063 1 0 -0.360778 0.838686 0.607897 0 0
0 5 9 -0.75 0.172222 1.05 1 11.1057 1 0 -0.133584 0.937553 -0.124687 0 0
0 5 9 -0.75 0.172222 1.05 2 11.0966 1 0 -1.10266 1.00434 0.386799 0 0
0 5 9 -0.75 0.172222 1.05 3 11.0936 1 0 -0.222647 1.01254 -1.44062 0 0
0 5 9 -0.75 0.172222 1.05 4 11.092 1 0 -0.274982 0.754615 1.54818 0 0
0 5 9 -0.75 0.172222 1.05 5 11.0911 1 0 -0.572588 0.98394 0.840482 0 0
0 5 9 -0.75 0.172222 1.05 6 11.0892 1 0 -0.844813 0.943212 1.02767 0 0
0 5 9 -0.75 0.172222 1.05 7 11.0867 1 0 -0.387553 1.35188 0.341331 0 0
0 5 9 -0.75 0.172222 1.05 8 11.0813 1 0 -0.978051 1.37157 -0.465645 0 0
0 5 9 -0.75 0.172222 1.05 9 11.081 1 0 -1.42923 0.789097 1.63933 0 0
0 6 0 -0.75 0.216667 -0.8 0 5.08924 0.4 0 -0.149419 1.3205 -0.258067 0 0
0 6 0 -0.75 0.216667 -0.8 1 5.06546 0.4 0 0.623335 0.54944 1.24423 0 0
0 6 0 -0.75 0.216667 -0.8 2 5.03674 0.4 0 0.200394 2.03511 0.214834 0 0
0 6 0 -0.75 0.216667 -0.8 3 5.02895 0.4 0 0.625419 1.6036 -0.425168 0 0
0 6 0 -0.75 0.216667 -0.8 4 5.0193 0.4 0 0.309197 2.01755 -1.70616 0 0
0 6 0 -0.75 0.216667 -0.8 5 4.10028 0.3 0 0.122361 0.332216 1.58885 0 0
0 6 0 -0.75 0.216667 -0.8 6 4.06581 0.3 0 0.17741 1.61905 -0.359671 0 0
0 6 0 -0.75 0.216667 -0.8 7 4.06444 0.3 0 0.603986 0.413766 1.71665 0 0
0 6 0 -0.75 0.216667 -0.8 8 4.05805 0.3 0 0.324308 1.61454 0.313709 0 0
0 6 0 -0.75 0.216667 -0.8 9 4.03941 0.3 0 -0.0530819 1.89335 1.29362 0 0
0 6 1 -0.75 0.216667 -0.594444 0 7.06612 0.6 0 0.228327 1.51234 0.94318 0 0
0 6 1 -0.75 0.216667 -0.594444 1 6.05204 0.5 0 -0.296609 1.75005 -1.69181 0 0
0 6 1 -0.75 0.216667 -0.594444 2 5.97682 0.5 0 0.714842 2.0014 -1.64288 0 0
0 6 1 -0.75 0.216667 -0.594444 3 5.10066 0.4 0 -0.00312511 0.432716 1.45992 0 0
0 6 1 -0.75 0.216667 -0.594444 4 5.09853 0.4 0 0.252052 0.161061 1.67082 0 0
0 6 1 -0.75 0.216667 -0.594444 5 5.09844 0.4 0 -0.250257 0.305031 1.72225 0 0
0 6 1 -0.75 0.216667 -0.594444 6 5.09142 0.4 0 0.140866 1.17136 -0.0804292 0 0
0 6 1 -0.75 0.216667 -0.594444 7 5.08223 0.4 0 -0.371148 1.0094 1.63011 0 0
0 6 1 -0.75 0.216667 -0.594444 8 5.07865 0.4 0 0.569304 0.567841 0.389922 0 0
0 6 1 -0.75 0.216667 -0.594444 9 5.05896 0.4 0 0.670847 0.223836 1.5638 0 0
0 6 2 -0.75 0.216667 -0.388889 0 8.09697 0.7 0 0.312579 0.192024 1.51181 0 0
0 6 2 -0.75 0.216667 -0.388889 1 8.09248 0.7 0 0.252003 1.00735 0.0453194 0 0
0 6 2 -0.75 0.216667 -0.388889 2 8.07408 0.7 0 0.239712 1.41704 0.362712 0 0
0 6 2 -0.75 0.216667 -0.388889 3 8.06564 0.7 0 0.605657 0.871265 0.391402 0 0
0 6 2 -0.75 0.216667 -0.388889 4 8.05918 0.7 0 0.534151 1.27062 0.0121765 0 0
0 6 2 -0.75 0.216667 -0.388889 5 7.99255 0.7 0 0.693886 1.83334 -1.63349 0 0
0 6 2 -0.75 0.216667 -0.388889 6 7.07636 0.6 0 -0.551846 1.51251 0.543609 0 0
0 6 2 -0.75 0.216667 -0.388889 7 7.06965 0.6 0 -0.0973018 1.31201 1.63447 0 0
0 6 2 -0.75 0.216667 -0.388889 8 7.05824 0.6 0 -0.565388 1.78197 -0.813209 0 0
0 6 2 -0.75 0.216667 -0.388889 9 7.05437 0.6 0 -0.53288 1.65218 1.26874 0 0
0 6 3 -0.75 0.216667 -0.183333 0 10.0116 0.9 0 -0.614001 2.26625 -1.71037 0 0
0 6 3 -0.75 0.216667 -0.183333 1 9.0561 0.8 0 -0.356924 1.86352 0.258145 0 0
0 6 3 -0.75 0.216667 -0.183333 2 8.08493 0.7 0 0.257188 1.17953 -0.237972 0 0
0 6 3 -0.75 0.216667 -0.183333 3 8.06629 0.7 0 0.452763 1.22608 0.810317 0 0
0 6 3 -0.75 0.216667 -0.183333 4 8.06409 0.7 0 -0.5605 1.72912 -0.345557 0 0
0 6 3 -0.75 0.216667 -0.183333 5 8.0596 0.7 0 -0.509588 1.66008 -1.47048 0 0
0 6 3 -0.75 0.216667 -0.183333 6 8.05662 0.7 0 -0.783906 1.58193 1.31424 0 0
0 6 3 -0.75 0.216667 -0.183333 7 8.05451 0.7 0 0.287124 1.71064 -0.279637 0 0
0 6 3 -0.75 0.216667 -0.183333 8 8.05282 0.7 0 -0.610194 1.70882 1.03701 0 0
0 6 3 -0.75 0.216667 -0.183333 9 8.03917 0.7 0 -0.74387 1.89816 -1.70477 0 0
0 6 4 -0.75 0.216667 0.0222222 0 11.0713 1 0 -1.02795 1.3412 0.972431 0 0
0 6 4 -0.75 0.216667 0.0222222 1 11.0481 1 0 -0.62848 1.80135 -1.61566 0 0
0 6 4 -0.75 0.216667 0.0222222 2 10.0571 0.9 0 -0.786012 1.53225 1.50504 0 0
0 6 4 -0.75 0.216667 0.0222222 3 9.99742 0.9 0 -0.150148 2.47859 -1.51584 0 0
0 6 4 -0.75 0.216667 0.0222222 4 9.09258 0.8 0 -0.0770734 0.736833 1.56656 0 0
0 6 4 -0.75 0.216667 0.0222222 5 9.08817 0.8 0 -0.868515 0.927716 1.16928 0 0
0 6 4 -0.75 0.216667 0.0222222 6 9.08197 0.8 0 0.133553 1.37321 -0.247452 0 0
0 6 4 -0.75 0.216667 0.0222222 7 9.08063 0.8 0 -0.591741 1.1335 1.29961 0 0
0 6 4 -0.75 0.216667 0.0222222 8 9.07428 0.8 0 -0.958344 1.31168 0.860318 0 0
0 6 4 -0.75 0.216667 0.0222222 9 9.07422 0.8 0 0.036328 1.37458 0.974863 0 0
0 6 5 -0.75 0.216667 0.227778 0 11.0499 1 0 0.15549 1.84055 -0.85865 0 0
0 6 5 -0.75 0.216667 0.227778 1 11.0416 1 0 -0.0582666 2.07129 -0.424061 0 0
0 6 5 -0.75 0.216667 0.227778 2 11.0274 1 0 -1.33555 2.14937 -0.0819174 0 0
0 6 5 -0.75 0.216667 0.227778 3 11.0131 1 0 -1.51631 2.20021 -1.33151 0 0
0 6 5 -0.75 0.216667 0.227778 4 10.0856 0.9 0 0.537557 0.301925 -0.588752 0 0
0 6 5 -0.75 0.216667 0.227778 5 10.0806 0.9 0 -1.25907 1.014 1.2378 0 0
0 6 5 -0.75 0.216667 0.227778 6 10.0755 0.9 0 -0.0549729 1.30147 1.21431 0 0
0 6 5 -0.75 0.216667 0.227778 7 10.0686 0.9 0 0.144838 1.60561 0.18798 0 0
0 6 5 -0.75 0.216667 0.227778 8 10.0525 0.9 0 -1.41267 1.65837 -1.3851 0 0
0 6 5 -0.75 0.216667 0.227778 9 10.047 0.9 0 -0.580958 1.97939 -0.262799 0 0
0 6 6 -0.75 0.216667 0.433333 0 11.1186 1 0 -0.0731916 0.375573 0.487258 0 0
0 6 6 -0.75 0.216667 0.433333 1 11.0687 1 0 -0.620703 1.47433 0.809897 0 0
0 6 6 -0.75 0.216667 0.433333 2 11.0461 1 0 -1.02293 1.89785 -0.892754 0 0
0 6 6 -0.75 0.216667 0.433333 3 10.1003 0.9 0 0.410982 0.148189 -0.0536894 0 0
0 6 6 -0.75 0.216667 0.433333 4 10.0977 0.9 0 -0.344297 0.747564 1.05542 0 0
0 6 6 -0.75 0.216667 0.433333 5 10.0968 0.9 0 -0.0241386 1.1529 -0.334317 0 0
0 6 6 -0.75 0.216667 0.433333 6 10.0967 0.9 0 0.362726 0.257864 1.20999 0 0
0 6 6 -0.75 0.216667 0.433333 7 10.0953 0.9 0 0.380689 0.469417 -0.905477 0 0
0 6 6 -0.75 0.216667 0.433333 8 10.0835 0.9 0 0.561243 0.141652 0.728349 0 0
0 6 6 -0.75 0.216667 0.433333 9 10.0831 0.9 0 0.368061 1.02528 -0.554574 0 0
0 6 7 -0.75 0.216667 0.638889 0 11.098 1 0 -0.0218685 0.48838 1.5876 0 0
0 6 7 -0.75 0.216667 0.638889 1 11.0975 1 0 -0.386452 1.12804 -0.0709293 0 0
0 6 7 -0.75 0.216667 0.638889 2 11.0749 1 0 -1.46786 0.941297 1.68831 0 0
0 6 7 -0.75 0.216667 0.638889 3 11.0671 1 0 -0.151058 1.61693 -1.17926 0 0
0 6 7 -0.75 0.216667 0.638889 4 11.0495 1 0 -0.847124 1.9193 -0.209007 0 0
0 6 7 -0.75 0.216667 0.638889 5 11.0085 1 0 -0.785806 2.43609 -0.0574626 0 0
0 6 7 -0.75 0.216667 0.638889 6 10.109 0.9 0 0.220058 0.385723 -0.54984 0 0
0 6 7 -0.75 0.216667 0.638889 7 10.1071 0.9 0 0.292282 0.031648 0.660754 0 0
0 6 7 -0.75 0.216667 0.638889 8 10.1065 0.9 0 0.300524 0.284924 0.354029 0 0
0 6 7 -0.75 0.216667 0.638889 9 10.0943 0.9 0 -0.220805 0.780238 1.32185 0 0
0 6 8 -0.75 0.216667 0.844444 0 11.1047 1 0 -0.179477 0.954089 0.00943961 0 0
0 6 8 -0.75 0.216667 0.844444 1 11.1002 1 0 -0.294834 0.349138 1.555 0 0
0 6 8 -0.75 0.216667 0.844444 2 11.0975 1 0 -0.61358 0.639689 1.24223 0 0
0 6 8 -0.75 0.216667 0.844444 3 11.0955 1 0 -0.337233 1.15126 -0.501096 0 0
0 6 8 -0.75 0.216667 0.844444 4 11.0925 1 0 -0.233023 1.25807 -0.0338008 0 0
0 6 8 -0.75 0.216667 0.844444 5 11.0821 1 0 0.1527 1.1282 -1.18479 0 0
0 6 8 -0.75 0.216667 0.844444 6 11.0793 1 0 -0.874836 1.12983 1.26616 0 0
0 6 8 -0.75 0.216667 0.844444 7 11.0713 1 0 -1.41695 1.11463 1.5232 0 0
0 6 8 -0.75 0.216667 0.844444 8 11.0555 1 0 -0.797914 1.84509 -0.0386379 0 0
0 6 8 -0.75 0.216667 0.844444 9 11.0449 1 0 -1.26743 1.91337 -0.49043 0 0
0 6 9 -0.75 0.216667 1.05 0 11.1091 1 0 -0.0588459 0.307477 0.808244 0 0
0 6 9 -0.75 0.216667 1.05 1 11.1079 1 0 0.00770576 0.278655 0.985966 0 0
0 6 9 -0.75 0.216667 1.05 2 11.1049 1 0 -0.51788 0.470742 0.875057 0 0
0 6 9 -0.75 0.216667 1.05 3 11.104 1 0 0.0182857 0.561844 0.91924 0 0
0 6 9 -0.75 0.216667 1.05 4 11.0977 1 0 -0.941055 0.479045 1.31736 0 0
0 6 9 -0.75 0.216667 1.05 5 11.0924 1 0 -0.672055 0.678521 1.54931 0 0
0 6 9 -0.75 0.216667 1.05 6 11.0792 1 0 -0.793774 1.45529 -0.242562 0 0
0 6 9 -0.75 0.216667 1.05 7 11.0784 1 0 -1.17935 1.40552 0.0386692 0 0
0 6 9 -0.75 0.216667 1.05 8 11.0705 1 0 -0.565512 1.56989 -0.943114 0 0
0 6 9 -0.75 0.216667 1.05 9 11.022 1 0 -1.23164 2.1723 0.72146 0 0
0 7 0 -0.75 0.261111 -0.8 0 5.0829 0.4 0 0.464737 0.842417 0.0282975 0 0
0 7 0 -0.75 0.261111 -0.8 1 4.09979 0.3 0 0.0936324 1.01719 0.207989 0 0
0 7 0 -0.75 0.261111 -0.8 2 4.06616 0.3 0 0.319436 1.40672 0.989304 0 0
0 7 0 -0.75 0.261111 -0.8 3 4.06053 0.3 0 0.0888414 1.62699 -1.47563 0 0
0 7 0 -0.75 0.261111 -0.8 4 4.06051 0.3 0 0.196903 1.65607 -0.774971 0 0
0 7 0 -0.75 0.261111 -0.8 5 4.0485 0.3 0 -0.0578379 1.87787 0.744425 0 0
0 7 0 -0.75 0.261111 -0.8 6 4.04404 0.3 0 0.212966 1.76039 1.62056 0 0
0 7 0 -0.75 0.261111 -0.8 7 4.03397 0.3 0 0.525774 1.68254 0.882046 0 0
0 7 0 -0.75 0.261111 -0.8 8 4.0315 0.3 0 0.502113 1.80949 0.129058 0 0
0 7 0 -0.75 0.261111 -0.8 9 4.02158 0.3 0 0.471659 1.81759 1.67141 0 0
0 7 1 -0.75 0.261111 -0.594444 0 6.10205 0.5 0 0.0599366 0.970831 0.450224 0 0
0 7 1 -0.75 0.261111 -0.594444 1 6.09193 0.5 0 -0.248906 1.26965 -0.0356857 0 0
0 7 1 -0.75 0.261111 -0.594444 2 6.02892 0.5 0 0.173853 2.14136 -0.489975 0 0
0 7 1 -0.75 0.261111 -0.594444 3 5.95408 0.5 0 -0.334598 1.96756 -1.67053 0 0
0 7 1 -0.75 0.261111 -0.594444 4 5.10565 0.4 0 -0.152831 0.914892 0.409743 0 0
0 7 1 -0.75 0.261111 -0.594444 5 5.0993 0.4 0 -0.0961094 1.07166 0.605121 0 0
0 7 1 -0.75 0.261111 -0.594444 6 5.07678 0.4 0 -0.0801745 1.56381 -0.00296773 0 0
0 7 1 -0.75 0.261111 -0.594444 7 5.02384 0.4 0 0.5918 1.75968 -0.439013 0 0
0 7 1 -0.75 0.261111 -0.594444 8 5.01792 0.4 0 0.252002 2.0845 1.68284 0 0
0 7 1 -0.75 0.261111 -0.594444 9 4.9853 0.4 0 0.743279 1.95184 -0.670905 0 0
0 7 2 -0.75 0.261111 -0.388889 0 9.10207 0.8 0 -0.327877 0.470769 1.25023 0 0
0 7 2 -0.75 0.261111 -0.388889 1 7.05759 0.6 0 -0.143267 1.85103 0.388433 0 0
0 7 2 -0.75 0.261111 -0.388889 2 7.00047 0.6 0 -0.414459 2.48294 -1.16134 0 0
0 7 2 -0.75 0.261111 -0.388889 3 6.09613 0.5 0 -0.0169316 1.1674 0.309177 0 0
0 7 2 -0.75 0.261111 -0.388889 4 6.07925 0.5 0 0.196928 1.07423 1.69158 0 0
0 7 2 -0.75 0.261111 -0.388889 5 6.05519 0.5 0 -0.126885 1.89636 0.0787149 0 0
0 7 2 -0.75 0.261111 -0.388889 6 6.04913 0.5 0 -0.440909 1.9596 -0.350941 0 0
0 7 2 -0.75 0.261111 -0.388889 7 6.04619 0.5 0 -0.23289 2.01479 -0.186745 0 0
0 7 2 -0.75 0.261111 -0.388889 8 6.03573 0.5 0 -0.195767 1.94809 1.25907 0 0
0 7 2 -0.75 0.261111 -0.388889 9 6.01697 0.5 0 -0.502297 2.23095 -1.57247 0 0
0 7 3 -0.75 0.261111 -0.183333 0 10.0658 0.9 0 -0.0366334 1.52425 1.0128 0 0
0 7 3 -0.75 0.261111 -0.183333 1 9.04893 0.8 0 0.316979 1.73435 0.75911 0 0
0 7 3 -0.75 0.261111 -0.183333 2 8.10028 0.7 0 0.229522 0.638229 1.0328 0 0
0 7 3 -0.75 0.261111 -0.183333 3 8.09751 0.7 0 -0.248747 0.738282 1.13115 0 0
0 7 3 -0.75 0.261111 -0.183333 4 8.09138 0.7 0 0.23775 1.05582 -0.0722776 0 0
0 7 3 -0.75 0.261111 -0.183333 5 8.08787 0.7 0 0.456464 0.69302 -0.102398 0 0
0 7 3 -0.75 0.261111 -0.183333 6 8.06949 0.7 0 0.182522 1.3582 -1.58299 0 0
0 7 3 -0.75 0.261111 -0.183333 7 8.06898 0.7 0 -0.510246 1.66315 -0.00181675 0 0
0 7 3 -0.75 0.261111 -0.183333 8 8.06389 0.7 0 0.69893 0.326457 -0.232713 0 0
0 7 3 -0.75 0.261111 -0.183333 9 8.05953 0.7 0 -0.218507 1.58549 1.26054 0 0
0 7 4 -0.75 0.261111 0.0222222 0 11.0399 1 0 0.271176 1.76075 -1.68998 0 0
0 7 4 -0.75 0.261111 0.0222222 1 10.1029 0.9 0 0.0461668 0.979025 -0.122488 0 0
0 7 4 -0.75 0.261111 0.0222222 2 10.0997 0.9 0 -0.335741 1.03018 0.656604 0 0
0 7 4 -0.75 0.261111 0.0222222 3 10.0714 0.9 0 -0.0770082 1.64994 -0.239116 0 0
0 7 4 -0.75 0.261111 0.0222222 4 10.0534 0.9 0 -0.994427 1.64237 1.11913 0 0
0 7 4 -0.75 0.261111 0.0222222 5 10.0236 0.9 0 -1.09864 2.20178 0.694819 0 0
0 7 4 -0.75 0.261111 0.0222222 6 9.1069 0.8 0 0.0129383 0.502494 0.783349 0 0
0 7 4 -0.75 0.261111 0.0222222 7 9.09423 0.8 0 0.00803076 0.774128 1.3609 0 0
0 7 4 -0.75 0.261111 0.0222222 8 9.08295 0.8 0 -0.643618 0.987404 1.54989 0 0
0 7 4 -0.75 0.261111 0.0222222 9 9.0746 0.8 0 0.0855644 1.54454 -0.365258 0 0
0 7 5 -0.75 0.261111 0.227778 0 11.0805 1 0 -0.0721381 1.14603 1.39483 0 0
0 7 5 -0.75 0.261111 0.227778 1 10.0828 0.9 0 0.434775 0.843954 0.772923 0 0
0 7 5 -0.75 0.261111 0.227778 2 10.0692 0.9 0 -0.410495 1.54452 -1.30784 0 0
0 7 5 -0.75 0.261111 0.227778 3 10.0583 0.9 0 -1.28134 1.58638 0.766 0 0
0 7 5 -0.75 0.261111 0.227778 4 10.0508 0.9 0 -0.909089 1.7004 1.09744 0 0
0 7 5 -0.75 0.261111 0.227778 5 10.0471 0.9 0 0.742141 0.0918039 -1.5871 0 0
0 7 5 -0.75 0.261111 0.227778 6 10.0369 0.9 0 -0.32106 2.11728 -0.516989 0 0
0 7 5 -0.75 0.261111 0.227778 7 10.0368 0.9 0 0.0920679 1.99527 -1.37738 0 0
0 7 5 -0.75 0.261111 0.227778 8 10.0278 0.9 0 0.779506 0.536661 0.594587 0 0
0 7 5 -0.75 0.261111 0.227778 9 10.0118 0.9 0 -0.795901 2.21944 1.27763 0 0
0 7 6 -0.75 0.261111 0.433333 0 11.0101 1 0 -1.04331 2.31285 -1.21435 0 0
0 7 6 -0.75 0.261111 0.433333 1 10.998 1 0 -0.766587 2.41977 -1.64832 0 0
0 7 6 -0.75 0.261111 0.433333 2 10.1024 0.9 0 0.238166 0.701349 0.350733 0 0
0 7 6 -0.75 0.261111 0.433333 3 10.0989 0.9 0 0.0235735 0.468424 1.54599 0 0
0 7 6 -0.75 0.261111 0.433333 4 10.0827 0.9 0 -0.585581 1.40584 -0.42672 0 0
0 7 6 -0.75 0.261111 0.433333 5 10.0773 0.9 0 -0.79745 1.13199 1.47254 0 0
0 7 6 -0.75 0.261111 0.433333 6 10.0703 0.9 0 -0.440694 1.47783 -1.51771 0 0
0 7 6 -0.75 0.261111 0.433333 7 10.0605 0.9 0 -0.196342 1.68112 -1.39366 0 0
0 7 6 -0.75 0.261111 0.433333 8 10.0483 0.9 0 -0.666385 1.94448 0.464807 0 0
0 7 6 -0.75 0.261111 0.433333 9 10.0389 0.9 0 -0.885007 1.78145 1.65501 0 0
0 7 7 -0.75 0.261111 0.638889 0 11.1035 1 0 0.3156 0.164937 -0.898139 0 0
0 7 7 -0.75 0.261111 0.638889 1 11.0959 1 0 -0.390771 1.1585 -0.273116 0 0
0 7 7 -0.75 0.261111 0.638889 2 11.091 1 0 -0.623904 1.21031 0.64299 0 0
0 7 7 -0.75 0.261111 0.638889 3 11.0804 1 0 -1.52452 0.942691 1.19853 0 0
0 7 7 -0.75 0.261111 0.638889 4 11.0654 1 0 -1.51064 1.54107 0.607551 0 0
0 7 7 -0.75 0.261111 0.638889 5 11.0524 1 0 -0.252226 1.90627 -0.653643 0 0
0 7 7 -0.75 0.261111 0.638889 6 11.051 1 0 -0.149692 1.68319 1.48421 0 0
0 7 7 -0.75 0.261111 0.638889 7 11.0433 1 0 -1.24824 1.88902 -1.01336 0 0
0 7 7 -0.75 0.261111 0.638889 8 11.0136 1 0 -1.16284 2.30012 -0.869422 0 0
0 7 7 -0.75 0.261111 0.638889 9 11.0091 1 0 -0.311447 2.26691 1.37538 0 0
0 7 8 -0.75 0.261111 0.844444 0 11.0975 1 0 -0.654891 0.275871 1.6952 0 0
0 7 8 -0.75 0.261111 0.844444 1 11.0412 1 0 -0.405941 1.87359 1.1924 0 0
0 7 8 -0.75 0.261111 0.844444 2 11.0334 1 0 -0.543504 2.0153 0.860595 0 0
0 7 8 -0.75 0.261111 0.844444 3 11.0278 1 0 -0.378394 2.10686 -1.55506 0 0
0 7 8 -0.75 0.261111 0.844444 4 11.0053 1 0 -1.35553 2.27487 -1.60991 0 0
0 7 8 -0.75 0.261111 0.844444 5 10.9996 1 0 -1.55869 2.32849 0.793628 0 0
0 7 8 -0.75 0.261111 0.844444 6 10.9967 1 0 -1.56442 2.27354 1.48512 0 0
0 7 8 -0.75 0.261111 0.844444 7 10.1119 0.9 0 -0.0926167 0.562937 -1.00478 0 0
0 7 8 -0.75 0.261111 0.844444 8 10.1105 0.9 0 0.0165868 0.759452 0.191068 0 0
0 7 8 -0.75 0.261111 0.844444 9 10.1068 0.9 0 0.0971934 0.061464 1.2323 0 0
0 7 9 -0.75 0.261111 1.05 0 11.1013 1 0 -0.607582 0.788636 0.740195 0 0
0 7 9 -0.75 0.261111 1.05 1 11.0998 1 0 -0.161809 0.992799 -0.916863 0 0
0 7 9 -0.75 0.261111 1.05 2 11.093 1 0 -0.695281 0.622724 1.59142 0 0
0 7 9 -0.75 0.261111 1.05 3 11.0828 1 0 -0.475865 1.26471 -1.36932 0 0
0 7 9 -0.75 0.261111 1.05 4 11.0636 1 0 -0.901686 1.62219 -1.07308 0 0
0 7 9 -0.75 0.261111 1.05 5 11.0527 1 0 -1.10139 1.77741 -1.00357 0 0
0 7 9 -0.75 0.261111 1.05 6 11.0466 1 0 -0.815127 1.80673 0.871404 0 0
0 7 9 -0.75 0.261111 1.05 7 11.04 1 0 -1.36444 1.90365 -1.1111 0 0
0 7 9 -0.75 0.261111 1.05 8 11.0368 1 0 -1.10325 2.05383 0.378734 0 0
0 7 9 -0.75 0.261111 1.05 9 11.0321 1 0 -1.22778 1.89971 1.31349 0 0
0 8 0 -0.75 0.305556 -0.8 0 4.0894 0.3 0 0.173487 1.17754 0.198194 0 0
0 8 0 -0.75 0.305556 -0.8 1 4.04438 0.3 0 0.474222 1.62226 0.646089 0 0
0 8 0 -0.75 0.305556 -0.8 2 3.99432 0.3 0 0.487798 2.16038 -1.6939 0 0
0 8 0 -0.75 0.305556 -0.8 3 3.89943 0.3 0 0.350141 2.35759 -0.433956 0 0
0 8 0 -0.75 0.305556 -0.8 4 3.09957 0.2 0 0.0361864 0.658793 1.15768 0 0
0 8 0 -0.75 0.305556 -0.8 5 3.08568 0.2 0 0.0553746 1.06265 1.24555 0 0
0 8 0 -0.75 0.305556 -0.8 6 3.07971 0.2 0 0.102868 1.32043 -1.22491 0 0
0 8 0 -0.75 0.305556 -0.8 7 3.07859 0.2 0 0.202872 1.18462 1.40037 0 0
0 8 0 -0.75 0.305556 -0.8 8 3.06132 0.2 0 0.369118 1.5102 0.185994 0 0
0 8 0 -0.75 0.305556 -0.8 9 3.05339 0.2 0 0.681994 0.803538 0.890737 0 0
0 8 1 -0.75 0.305556 -0.594444 0 5.09186 0.4 0 0.254541 0.920549 0.901309 0 0
0 8 1 -0.75 0.305556 -0.594444 1 4.96418 0.4 0 -0.240913 1.5459 0.922825 0 0
0 8 1 -0.75 0.305556 -0.594444 2 4.09858 0.3 0 0.281753 0.749738 0.375943 0 0
0 8 1 -0.75 0.305556 -0.594444 3 4.09213 0.3 0 0.363348 0.510016 1.29144 0 0
0 8 1 -0.75 0.305556 -0.594444 4 4.08942 0.3 0 0.185734 0.95051 1.27433 0 0
0 8 1 -0.75 0.305556 -0.594444 5 4.07944 0.3 0 0.295206 1.06323 1.37517 0 0
0 8 1 -0.75 0.305556 -0.594444 6 4.07252 0.3 0 0.627726 0.340766 0.769494 0 0
0 8 1 -0.75 0.305556 -0.594444 7 4.04963 0.3 0 0.538363 1.43656 0.408219 0 0
0 8 1 -0.75 0.305556 -0.594444 8 3.09773 0.2 0 0.137726 0.972657 0.63845 0 0
0 8 1 -0.75 0.305556 -0.594444 9 3.07627 0.2 0 -0.162214 1.17687 1.60469 0 0
0 8 2 -0.75 0.305556 -0.388889 0 7.06711 0.6 0 -0.20994 1.71438 0.0370505 0 0
0 8 2 -0.75 0.305556 -0.388889 1 6.08729 0.5 0 0.0963336 1.27077 -0.632345 0 0
0 8 2 -0.75 0.305556 -0.388889 2 6.07996 0.5 0 0.480776 0.867436 0.383057 0 0
0 8 2 -0.75 0.305556 -0.388889 3 6.05431 0.5 0 0.619257 1.08479 0.721016 0 0
0 8 2 -0.75 0.305556 -0.388889 4 6.04382 0.5 0 0.500723 1.61897 -0.120776 0 0
0 8 2 -0.75 0.305556 -0.388889 5 6.03988 0.5 0 0.138772 2.02763 0.385063 0 0
0 8 2 -0.75 0.305556 -0.388889 6 6.02534 0.5 0 0.437464 1.92429 -0.976964 0 0
0 8 2 -0.75 0.305556 -0.388889 7 6.01035 0.5 0 0.390297 2.13814 -1.24521 0 0
0 8 2 -0.75 0.305556 -0.388889 8 5.99568 0.5 0 0.285067 2.00184 1.33058 0 0
0 8 2 -0.75 0.305556 -0.388889 9 5.10945 0.4 0 -0.0242952 0.757797 0.650328 0 0
0 8 3 -0.75 0.305556 -0.183333 0 8.08962 0.7 0 0.489545 0.430168 0.403299 0 0
0 8 3 -0.75 0.305556 -0.183333 1 8.07955 0.7 0 -0.345466 1.48994 0.263862 0 0
0 8 3 -0.75 0.305556 -0.183333 2 8.02798 0.7 0 0.14807 2.04275 -1.57287 0 0
0 8 3 -0.75 0.305556 -0.183333 3 7.09352 0.6 0 -0.517503 0.670936 1.5396 0 0
0 8 3 -0.75 0.305556 -0.183333 4 7.07064 0.6 0 -0.711436 1.47691 0.752724 0 0
0 8 3 -0.75 0.305556 -0.183333 5 7.06712 0.6 0 -0.00967642 1.51554 0.918977 0 0
0 8 3 -0.75 0.305556 -0.183333 6 7.05714 0.6 0 0.684831 0.768395 0.270811 0 0
0 8 3 -0.75 0.305556 -0.183333 7 7.05529 0.6 0 0.0583369 1.76662 0.753643 0 0
0 8 3 -0.75 0.305556 -0.183333 8 7.04771 0.6 0 0.0943983 1.94656 0.4611 0 0
0 8 3 -0.75 0.305556 -0.183333 9 7.04005 0.6 0 0.362379 1.75069 -1.28415 0 0
0 8 4 -0.75 0.305556 0.0222222 0 10.1013 0.9 0 -0.167416 0.583872 1.14915 0 0
0 8 4 -0.75 0.305556 0.0222222 1 9.98789 0.9 0 -1.14032 1.33415 1.42995 0 0
0 8 4 -0.75 0.305556 0.0222222 2 9.10336 0.8 0 -0.314744 0.974788 0.347541 0 0
0 8 4 -0.75 0.305556 0.0222222 3 9.10053 0.8 0 0.103051 0.167404 1.67886 0 0
0 8 4 -0.75 0.305556 0.0222222 4 9.08862 0.8 0 0.315285 0.998446 0.310095 0 0
0 8 4 -0.75 0.305556 0.0222222 5 9.06017 0.8 0 -0.313093 1.81625 -0.0572576 0 0
0 8 4 -0.75 0.305556 0.0222222 6 9.04706 0.8 0 -1.09933 1.19559 1.43616 0 0
0 8 4 -0.75 0.305556 0.0222222 7 9.04541 0.8 0 0.155417 1.81369 1.24037 0 0
0 8 4 -0.75 0.305556 0.0222222 8 9.02138 0.8 0 -1.04091 2.11453 0.970169 0 0
0 8 4 -0.75 0.305556 0.0222222 9 9.00886 0.8 0 0.485989 1.98239 -1.65153 0 0
0 8 5 -0.75 0.305556 0.227778 0 11.0322 1 0 -0.644011 1.99711 1.09287 0 0
0 8 5 -0.75 0.305556 0.227778 1 10.105 0.9 0 -0.0422558 0.951961 0.273551 0 0
0 8 5 -0.75 0.305556 0.227778 2 10.0995 0.9 0 0.357579 0.369333 0.787376 0 0
0 8 5 -0.75 0.305556 0.227778 3 10.0639 0.9 0 0.679036 0.268321 -0.966696 0 0
0 8 5 -0.75 0.305556 0.227778 4 10.0558 0.9 0 0.288816 1.47084 1.72465 0 0
0 8 5 -0.75 0.305556 0.227778 5 10.0431 0.9 0 -0.66589 1.92378 -1.31502 0 0
0 8 5 -0.75 0.305556 0.227778 6 10.0074 0.9 0 -0.953527 2.30184 0.894926 0 0
0 8 5 -0.75 0.305556 0.227778 7 9.11324 0.8 0 0.146284 0.160851 0.748924 0 0
0 8 5 -0.75 0.305556 0.227778 8 9.08727 0.8 0 -0.453896 1.33727 0.348144 0 0
0 8 5 -0.75 0.305556 0.227778 9 9.0849 0.8 0 -0.162477 1.38669 -0.513409 0 0
0 8 6 -0.75 0.305556 0.433333 0 11.1141 1 0 -0.139306 0.599294 0.549496 0 0
0 8 6 -0.75 0.305556 0.433333 1 11.0718 1 0 -0.433408 1.35848 1.22417 0 0
0 8 6 -0.75 0.305556 0.433333 2 11.0707 1 0 -0.535384 1.51629 0.738108 0 0
0 8 6 -0.75 0.305556 0.433333 3 11.0537 1 0 -0.0283364 1.7198 -1.72923 0 0
0 8 6 -0.75 0.305556 0.433333 4 11.0452 1 0 0.764554 0.274705 -0.0129945 0 0
0 8 6 -0.75 0.305556 0.433333 5 10.9999 1 0 -1.14604 2.49101 0.230035 0 0
0 8 6 -0.75 0.305556 0.433333 6 10.0974 0.9 0 0.293649 0.0773395 1.60672 0 0
0 8 6 -0.75 0.305556 0.433333 7 10.0929 0.9 0 0.106026 1.17461 -0.103178 0 0
0 8 6 -0.75 0.305556 0.433333 8 10.0922 0.9 0 -0.861664 0.76916 1.26361 0 0
0 8 6 -0.75 0.305556 0.433333 9 10.0897 0.9 0 -0.490013 1.27918 -0.357995 0 0
0 8 7 -0.75 0.305556 0.638889 0 11.096 1 0 -0.110288 1.18591 -0.129071 0 0
0 8 7 -0.75 0.305556 0.638889 1 11.0797 1 0 -1.37102 1.04904 1.07501 0 0
0 8 7 -0.75 0.305556 0.638889 2 11.0771 1 0 0.321486 1.03218 -1.52569 0 0
0 8 7 -0.75 0.305556 0.638889 3 11.0596 1 0 -0.583198 1.74053 -0.985722 0 0
0 8 7 -0.75 0.305556 0.638889 4 11.0361 1 0 -1.19917 1.99377 -1.03341 0 0
0 8 7 -0.75 0.305556 0.638889 5 11.019 1 0 -0.891502 2.13014 1.21726 0 0
0 8 7 -0.75 0.305556 0.638889 6 10.1089 0.9 0 -0.0361862 0.719027 -0.898607 0 0
0 8 7 -0.75 0.305556 0.638889 7 10.1078 0.9 0 -0.210803 0.868944 -0.0862014 0 0
0 8 7 -0.75 0.305556 0.638889 8 10.1057 0.9 0 0.12409 0.523278 0.809105 0 0
0 8 7 -0.75 0.305556 0.638889 9 10.1052 0.9 0 0.295548 0.14906 0.850572 0 0
0 8 8 -0.75 0.305556 0.844444 0 11.1133 1 0 0.128204 0.475548 0.116977 0 0
0 8 8 -0.75 0.305556 0.844444 1 11.1075 1 0 -0.417226 0.133069 1.05814 0 0
0 8 8 -0.75 0.305556 0.844444 2 11.1073 1 0 -0.438957 0.861168 -0.12751 0 0
0 8 8 -0.75 0.305556 0.844444 3 11.103 1 0 0.202104 0.339672 1.36532 0 0
0 8 8 -0.75 0.305556 0.844444 4 11.0764 1 0 -1.26152 1.30654 0.733463 0 0
0 8 8 -0.75 0.305556 0.844444 5 11.0703 1 0 -1.30896 1.50563 0.537943 0 0
0 8 8 -0.75 0.305556 0.844444 6 11.0646 1 0 -0.338086 1.71368 0.666152 0 0
0 8 8 -0.75 0.305556 0.844444 7 11.0587 1 0 -0.439863 1.79891 -0.709876 0 0
0 8 8 -0.75 0.305556 0.844444 8 11.0566 1 0 -0.476444 1.76792 -1.17704 0 0
0 8 8 -0.75 0.305556 0.844444 9 11.0419 1 0 -0.97565 1.91235 -1.28451 0 0
0 8 9 -0.75 0.305556 1.05 0 11.1201 1 0 -0.0496843 0.022437 0.691286 0 0
0 8 9 -0.75 0.305556 1.05 1 11.1111 1 0 -0.395647 0.711064 -0.403197 0 0
0 8 9 -0.75 0.305556 1.05 2 11.0981 1 0 -0.282456 1.10122 -0.524341 0 0
0 8 9 -0.75 0.305556 1.05 3 11.097 1 0 -0.614953 0.642771 1.27848 0 0
0 8 9 -0.75 0.305556 1.05 4 11.0895 1 0 -0.64798 0.963899 1.06023 0 0
0 8 9 -0.75 0.305556 1.05 5 11.0884 1 0 -1.17006 0.923391 0.860189 0 0
0 8 9 -0.75 0.305556 1.05 6 11.0809 1 0 -0.459784 1.4174 -0.788179 0 0
0 8 9 -0.75 0.305556 1.05 7 11.0803 1 0 -1.23163 1.32753 0.508427 0 0
0 8 9 -0.75 0.305556 1.05 8 11.0794 1 0 -0.51608 1.35059 -1.26154 0 0
0 8 9 -0.75 0.305556 1.05 9 11.0767 1 0 -0.496807 1.29721 -1.68702 0 0
0 9 0 -0.75 0.35 -0.8 0 5.02739 0.4 0 0.632795 1.51116 1.22462 0 0
0 9 0 -0.75 0.35 -0.8 1 3.09389 0.2 0 0.384761 0.407393 1.14354 0 0
0 9 0 -0.75 0.35 -0.8 2 3.07694 0.2 0 0.359857 1.18328 0.600366 0 0
0 9 0 -0.75 0.35 -0.8 3 3.06322 0.2 0 0.406138 1.42399 0.172834 0 0
0 9 0 -0.75 0.35 -0.8 4 3.04829 0.2 0 0.495556 1.4258 1.26201 0 0
0 9 0 -0.75 0.35 -0.8 5 3.04377 0.2 0 0.582997 1.41403 0.757285 0 0
0 9 0 -0.75 0.35 -0.8 6 3.03173 0.2 0 0.513088 1.72004 -1.02199 0 0
0 9 0 -0.75 0.35 -0.8 7 3.0202 0.2 0 0.344677 2.03076 -1.39918 0 0
0 9 0 -0.75 0.35 -0.8 8 3.01544 0.2 0 0.495864 2.03146 -0.443935 0 0
0 9 0 -0.75 0.35 -0.8 9 3.00996 0.2 0 0.756582 1.43419 1.02554 0 0
0 9 1 -0.75 0.35 -0.594444 0 4.04621 0.3 0 0.66869 1.08231 0.829471 0 0
0 9 1 -0.75 0.35 -0.594444 1 4.04401 0.3 0 0.665259 1.04142 1.29328 0 0
0 9 1 -0.75 0.35 -0.594444 2 4.00716 0.3 0 0.0309093 2.42108 -1.0454 0 0
0 9 1 -0.75 0.35 -0.594444 3 4.00059 0.3 0 0.103953 2.39165 -1.6223 0 0
0 9 1 -0.75 0.35 -0.594444 4 3.10718 0.2 0 0.132098 0.411201 0.858264 0 0
0 9 1 -0.75 0.35 -0.594444 5 3.10258 0.2 0 0.176618 0.786057 0.509497 0 0
0 9 1 -0.75 0.35 -0.594444 6 3.09262 0.2 0 0.265567 0.924231 0.686743 0 0
0 9 1 -0.75 0.35 -0.594444 7 3.08929 0.2 0 0.489175 0.292774 0.814346 0 0
0 9 1 -0.75 0.35 -0.594444 8 3.08307 0.2 0 0.350977 1.02409 0.772102 0 0
0 9 1 -0.75 0.35 -0.594444 9 3.06945 0.2 0 0.185004 1.55645 0.245088 0 0
0 9 2 -0.75 0.35 -0.388889 0 6.07122 0.5 0 0.520226 0.616861 1.6734 0 0
0 9 2 -0.75 0.35 -0.388889 1 6.03721 0.5 0 0.537897 1.65373 -0.398879 0 0
0 9 2 -0.75 0.35 -0.388889 2 5.10592 0.4 0 0.119298 0.407056 1.01282 0 0
0 9 2 -0.75 0.35 -0.388889 3 5.06432 0.4 0 -0.144337 1.73541 -0.609828 0 0
0 9 2 -0.75 0.35 -0.388889 4 5.00852 0.4 0 -0.267508 2.08618 1.30494 0 0
0 9 2 -0.75 0.35 -0.388889 5 4.08625 0.3 0 0.166801 1.16426 0.782706 0 0
0 9 2 -0.75 0.35 -0.388889 6 4.07672 0.3 0 -0.0480321 1.5573 0.270928 0 0
0 9 2 -0.75 0.35 -0.388889 7 4.07257 0.3 0 -0.146973 1.21911 1.72933 0 0
0 9 2 -0.75 0.35 -0.388889 8 4.0676 0.3 0 0.561124 0.646213 1.5682 0 0
0 9 2 -0.75 0.35 -0.388889 9 4.05415 0.3 0 -0.264195 1.36052 1.68026 0 0
0 9 3 -0.75 0.35 -0.183333 0 7.06318 0.6 0 -0.516604 1.70008 -0.874314 0 0
0 9 3 -0.75 0.35 -0.183333 1 7.05488 0.6 0 0.680509 0.7649 0.875989 0 0
0 9 3 -0.75 0.35 -0.183333 2 6.08569 0.5 0 -0.0861303 1.37621 0.5548 0 0
0 9 3 -0.75 0.35 -0.183333 3 6.06876 0.5 0 -0.169897 1.30023 1.72743 0 0
0 9 3 -0.75 0.35 -0.183333 4 6.05103 0.5 0 0.17373 1.80214 -0.934308 0 0
0 9 3 -0.75 0.35 -0.183333 5 6.0252 0.5 0 0.752169 1.00069 1.68438 0 0
0 9 3 -0.75 0.35 -0.183333 6 6.01737 0.5 0 0.667853 1.59831 -1.1888 0 0
0 9 3 -0.75 0.35 -0.183333 7 6.01262 0.5 0 0.779394 1.06917 0.449599 0 0
0 9 3 -0.75 0.35 -0.183333 8 5.11157 0.4 0 -0.0868849 0.696272 0.624951 0 0
0 9 3 -0.75 0.35 -0.183333 9 5.09191 0.4 0 -0.0640283 1.27722 -0.0130871 0 0
0 9 4 -0.75 0.35 0.0222222 0 8.10147 0.7 0 -0.0498216 1.05543 -0.0370384 0 0
0 9 4 -0.75 0.35 0.0222222 1 8.07352 0.7 0 -0.599248 1.55391 -0.634778 0 0
0 9 4 -0.75 0.35 0.0222222 2 7.06035 0.6 0 -0.0864322 1.68029 -1.45654 0 0
0 9 4 -0.75 0.35 0.0222222 3 7.05129 0.6 0 -0.40802 1.92262 0.504051 0 0
0 9 4 -0.75 0.35 0.0222222 4 7.04602 0.6 0 -0.165718 2.01314 0.281267 0 0
0 9 4 -0.75 0.35 0.0222222 5 7.04214 0.6 0 0.220946 1.89133 -0.983614 0 0
0 9 4 -0.75 0.35 0.0222222 6 7.04173 0.6 0 -0.356858 1.85055 1.303 0 0
0 9 4 -0.75 0.35 0.0222222 7 6.99243 0.6 0 0.671451 1.89187 -1.61417 0 0
0 9 4 -0.75 0.35 0.0222222 8 6.96606 0.6 0 -0.685879 2.3906 0.91677 0 0
0 9 4 -0.75 0.35 0.0222222 9 6.09928 0.5 0 -0.583585 0.459845 1.41428 0 0
0 9 5 -0.75 0.35 0.227778 0 10.0602 0.9 0 0.679711 0.111193 -1.41425 0 0
0 9 5 -0.75 0.35 0.227778 1 10.0422 0.9 0 -0.0254398 1.87816 1.13122 0 0
0 9 5 -0.75 0.35 0.227778 2 10.0253 0.9 0 0.161937 2.12903 -1.18527 0 0
0 9 5 -0.75 0.35 0.227778 3 9.08442 0.8 0 -0.542702 1.37528 0.362893 0 0
0 9 5 -0.75 0.35 0.227778 4 9.06358 0.8 0 -0.491612 1.7447 0.332132 0 0
0 9 5 -0.75 0.35 0.227778 5 9.06291 0.8 0 -0.457043 1.49496 1.35519 0 0
0 9 5 -0.75 0.35 0.227778 6 9.05973 0.8 0 -0.084407 1.65769 0.807504 0 0
0 9 5 -0.75 0.35 0.227778 7 9.04752 0.8 0 -0.499947 1.97518 -0.326342 0 0
0 9 5 -0.75 0.35 0.227778 8 9.0422 0.8 0 0.0176517 1.77587 1.69007 0 0
0 9 5 -0.75 0.35 0.227778 9 9.03095 0.8 0 -0.593538 2.03411 0.957163 0 0
0 9 6 -0.75 0.35 0.433333 0 10.0722 0.9 0 -0.656832 1.38256 0.938567 0 0
0 9 6 -0.75 0.35 0.433333 1 10.0664 0.9 0 -0.135361 1.62996 -1.1913 0 0
0 9 6 -0.75 0.35 0.433333 2 10.0256 0.9 0 -0.80232 1.9617 1.74248 0 0
0 9 6 -0.75 0.35 0.433333 3 10.0192 0.9 0 -0.612812 2.32867 -0.0501093 0 0
0 9 6 -0.75 0.35 0.433333 4 10.0102 0.9 0 -0.899517 2.37695 -0.7325 0 0
0 9 6 -0.75 0.35 0.433333 5 9.10753 0.8 0 -0.0352443 0.867154 -0.362481 0 0
0 9 6 -0.75 0.35 0.433333 6 9.10191 0.8 0 0.109016 0.305941 1.49345 0 0
0 9 6 -0.75 0.35 0.433333 7 9.09401 0.8 0 0.423782 0.468657 0.597296 0 0
0 9 6 -0.75 0.35 0.433333 8 9.09382 0.8 0 -0.135879 1.2212 -0.348472 0 0
0 9 6 -0.75 0.35 0.433333 9 9.08899 0.8 0 -0.768542 1.23699 0.599522 0 0
0 9 7 -0.75 0.35 0.638889 0 11.1037 1 0 -0.185578 0.932537 0.632856 0 0
0 9 7 -0.75 0.35 0.638889 1 11.0705 1 0 -0.0842722 1.39776 1.22953 0 0
0 9 7 -0.75 0.35 0.638889 2 11.0696 1 0 -0.487094 1.52976 -1.31203 0 0
0 9 7 -0.75 0.35 0.638889 3 11.0582 1 0 -0.158882 1.72022 -1.39021 0 0
0 9 7 -0.75 0.35 0.638889 4 11.005 1 0 -0.893076 2.21922 1.73697 0 0
0 9 7 -0.75 0.35 0.638889 5 10.0936 0.9 0 -0.794807 0.662318 1.42941 0 0
0 9 7 -0.75 0.35 0.638889 6 10.093 0.9 0 0.378366 0.100648 1.50641 0 0
0 9 7 -0.75 0.35 0.638889 7 10.0905 0.9 0 -1.10675 0.522145 1.6823 0 0
0 9 7 -0.75 0.35 0.638889 8 10.0869 0.9 0 -0.559475 1.33401 0.24711 0 0
0 9 7 -0.75 0.35 0.638889 9 10.0858 0.9 0 0.501529 0.458243 0.803059 0 0
0 9 8 -0.75 0.35 0.844444 0 11.0593 1 0 -0.409448 1.62131 -1.71352 0 0
0 9 8 -0.75 0.35 0.844444 1 11.0472 1 0 -1.15532 1.73568 0.998494 0 0
0 9 8 -0.75 0.35 0.844444 2 10.1154 0.9 0 -0.171522 0.50375 0.602863 0 0
0 9 8 -0.75 0.35 0.844444 3 10.1116 0.9 0 -0.468083 0.560113 0.705863 0 0
0 9 8 -0.75 0.35 0.844444 4 10.1081 0.9 0 0.0729718 0.795367 0.23464 0 0
0 9 8 -0.75 0.35 0.844444 5 10.1079 0.9 0 0.00588755 0.444653 0.783952 0 0
0 9 8 -0.75 0.35 0.844444 6 10.1042 0.9 0 0.195026 0.668542 0.644557 0 0
0 9 8 -0.75 0.35 0.844444 7 10.1031 0.9 0 -0.472922 0.370693 1.25322 0 0
0 9 8 -0.75 0.35 0.844444 8 10.0958 0.9 0 -0.460315 1.16059 0.214488 0 0
0 9 8 -0.75 0.35 0.844444 9 10.0916 0.9 0 0.360223 0.482082 -1.3986 0 0
0 9 9 -0.75 0.35 1.05 0 11.1096 1 0 -0.338751 0.790674 0.0855643 0 0
0 9 9 -0.75 0.35 1.05 1 11.0811 1 0 -1.16198 1.31771 0.671585 0 0
0 9 9 -0.75 0.35 1.05 2 11.0759 1 0 -0.851671 1.49002 -0.470813 0 0
0 9 9 -0.75 0.35 1.05 3 11.0758 1 0 -0.496176 1.31531 1.0075 0 0
0 9 9 -0.75 0.35 1.05 4 11.0738 1 0 -1.26943 1.21348 1.08937 0 0
0 9 9 -0.75 0.35 1.05 5 11.0724 1 0 -1.32567 1.09368 1.58279 0 0
0 9 9 -0.75 0.35 1.05 6 11.0676 1 0 -0.314216 1.65623 -0.812481 0 0
0 9 9 -0.75 0.35 1.05 7 11.0659 1 0 -1.15792 1.63043 -0.116146 0 0
0 9 9 -0.75 0.35 1.05 8 11.0409 1 0 -1.3184 1.97282 -0.290339 0 0
0 9 9 -0.75 0.35 1.05 9 11.0348 1 0 -1.39152 2.01649 0.643595 0 0
