# iy iz iroll Y Z Roll candidate quality planning_ratio q0 q1 q2 q3 q4 q5
0 0 0 -0.75000000 -0.05000000 -0.80000000 0 -0.63637338 0.70000000 0.00000000 -0.95558197 1.45319658 0.79424242 0.00000000 0.00000000
0 0 1 -0.75000000 -0.05000000 -0.59444400 0 -0.70090058 0.80000000 0.00000000 -0.39136914 1.42621024 -0.84974323 0.00000000 0.00000000
0 0 2 -0.75000000 -0.05000000 -0.38888900 0 -1.34438452 0.80000000 0.00000000 -0.06153614 1.43367948 0.72008877 0.00000000 0.00000000
0 0 3 -0.75000000 -0.05000000 -0.18333300 0 -1.50602078 1.00000000 0.00000000 -1.25552321 2.08901628 1.41314404 0.00000000 0.00000000
0 0 4 -0.75000000 -0.05000000 0.02222220 0 -1.95497146 1.00000000 0.00000000 -1.30862843 1.20536279 -0.06187743 0.00000000 0.00000000
0 0 5 -0.75000000 -0.05000000 0.22777800 0 -1.35729158 1.00000000 0.00000000 -0.07778364 1.02866293 0.09632807 0.00000000 0.00000000
0 0 6 -0.75000000 -0.05000000 0.43333300 0 -1.57009677 1.00000000 0.00000000 0.07609087 0.98116718 0.62000774 0.00000000 0.00000000
0 0 7 -0.75000000 -0.05000000 0.63888900 0 -2.19146989 1.00000000 0.00000000 -0.15684057 0.17022804 1.07730581 0.00000000 0.00000000
0 0 8 -0.75000000 -0.05000000 0.84444400 0 -1.67302349 1.00000000 0.00000000 -0.49759312 0.59226343 1.42814941 0.00000000 0.00000000
0 0 9 -0.75000000 -0.05000000 1.05000000 0 -1.84867754 0.90000000 0.00000000 -0.32932017 0.64730317 1.60973000 0.00000000 0.00000000
0 1 0 -0.75000000 -0.00555556 -0.80000000 0 -1.18433954 0.60000000 0.00000000 -0.18485437 1.49249385 0.33681777 0.00000000 0.00000000
0 1 1 -0.75000000 -0.00555556 -0.59444400 0 -1.27386156 0.70000000 0.00000000 -0.25605317 1.18143952 0.55791823 0.00000000 0.00000000
0 1 2 -0.75000000 -0.00555556 -0.38888900 0 -2.01096607 0.80000000 0.00000000 0.48148625 0.90038515 1.10063902 0.00000000 0.00000000
0 1 3 -0.75000000 -0.00555556 -0.18333300 0 -1.01973440 0.90000000 0.00000000 -0.28208178 1.44374612 0.03159016 0.00000000 0.00000000
0 1 4 -0.75000000 -0.00555556 0.02222220 0 -1.33534892 1.00000000 0.00000000 -1.00614017 0.74034183 0.43659655 0.00000000 0.00000000
0 1 5 -0.75000000 -0.00555556 0.22777800 0 -1.31246245 1.00000000 0.00000000 0.24168258 0.66421389 -0.50681892 0.00000000 0.00000000
0 1 6 -0.75000000 -0.00555556 0.43333300 0 -2.04626494 1.00000000 0.00000000 -0.08192535 0.73758741 0.62953307 0.00000000 0.00000000
0 1 7 -0.75000000 -0.00555556 0.63888900 0 -2.04725286 1.00000000 0.00000000 -0.16295595 0.53867505 0.39814181 0.00000000 0.00000000
0 1 8 -0.75000000 -0.00555556 0.84444400 0 -1.95671767 1.00000000 0.00000000 -0.15102169 0.22341399 1.33626593 0.00000000 0.00000000
0 1 9 -0.75000000 -0.00555556 1.05000000 0 -1.92950082 0.90000000 0.00000000 -0.60080842 0.31762075 1.47510424 0.00000000 0.00000000
0 2 0 -0.75000000 0.03888890 -0.80000000 0 -1.20494733 0.60000000 0.00000000 0.48719461 0.37721299 0.92189205 0.00000000 0.00000000
0 2 1 -0.75000000 0.03888890 -0.59444400 0 -1.52554279 0.60000000 0.00000000 -0.17841825 1.05806104 -1.05105839 0.00000000 0.00000000
0 2 2 -0.75000000 0.03888890 -0.38888900 0 -0.70252133 0.90000000 0.00000000 0.19987004 1.69093281 -1.31315995 0.00000000 0.00000000
0 2 3 -0.75000000 0.03888890 -0.18333300 0 -1.47262560 0.80000000 0.00000000 -0.37343176 1.50246392 -0.32004985 0.00000000 0.00000000
0 2 4 -0.75000000 0.03888890 0.02222220 0 -1.05765667 1.00000000 0.00000000 -0.32341061 1.25396063 1.38557464 0.00000000 0.00000000
0 2 5 -0.75000000 0.03888890 0.22777800 0 -1.46594918 1.00000000 0.00000000 0.21763288 0.85539246 0.17286563 0.00000000 0.00000000
0 2 6 -0.75000000 0.03888890 0.43333300 0 -1.98760980 1.00000000 0.00000000 -0.53145094 1.14858643 0.80557845 0.00000000 0.00000000
0 2 7 -0.75000000 0.03888890 0.63888900 0 -1.86527235 1.00000000 0.00000000 -0.63274171 0.95961868 1.34425536 0.00000000 0.00000000
0 2 8 -0.75000000 0.03888890 0.84444400 0 -2.11315189 1.00000000 0.00000000 -0.33538293 0.89763906 0.85844225 0.00000000 0.00000000
0 2 9 -0.75000000 0.03888890 1.05000000 0 -2.11700749 0.90000000 0.00000000 -0.43589672 0.98872098 0.68436002 0.00000000 0.00000000
0 3 0 -0.75000000 0.08333330 -0.80000000 0 -1.84954732 0.50000000 0.00000000 0.18506895 1.91172946 1.28180708 0.00000000 0.00000000
0 3 1 -0.75000000 0.08333330 -0.59444400 0 -0.39152907 0.70000000 0.00000000 0.40243513 1.72957207 0.22305673 0.00000000 0.00000000
0 3 2 -0.75000000 0.08333330 -0.38888900 0 -0.91662990 0.80000000 0.00000000 0.34074308 1.91614904 -1.14031425 0.00000000 0.00000000
0 3 3 -0.75000000 0.08333330 -0.18333300 0 -0.80904366 1.00000000 0.00000000 -0.80867017 1.46291540 -1.13504372 0.00000000 0.00000000
0 3 4 -0.75000000 0.08333330 0.02222220 0 -1.75203223 1.00000000 0.00000000 0.44977370 0.78428781 -0.01253450 0.00000000 0.00000000
0 3 5 -0.75000000 0.08333330 0.22777800 0 -2.76216874 1.00000000 0.00000000 0.10339976 1.49588456 -0.62066454 0.00000000 0.00000000
0 3 6 -0.75000000 0.08333330 0.43333300 0 -1.87805427 1.00000000 0.00000000 0.11992785 1.06300843 1.44764565 0.00000000 0.00000000
0 3 7 -0.75000000 0.08333330 0.63888900 0 -2.59182299 1.00000000 0.00000000 -0.05727077 0.52732534 -0.02425884 0.00000000 0.00000000
0 3 8 -0.75000000 0.08333330 0.84444400 0 -1.93808159 1.00000000 0.00000000 -0.01352573 0.30796791 1.17697496 0.00000000 0.00000000
0 3 9 -0.75000000 0.08333330 1.05000000 0 -2.00218044 1.00000000 0.00000000 -0.41692486 0.89658681 1.31264504 0.00000000 0.00000000
0 4 0 -0.75000000 0.12777800 -0.80000000 0 -1.37737174 0.50000000 0.00000000 -0.11328070 1.32172910 -0.54971720 0.00000000 0.00000000
0 4 1 -0.75000000 0.12777800 -0.59444400 0 -1.96771396 0.40000000 0.00000000 -0.01069526 1.11193226 0.66819049 0.00000000 0.00000000
0 4 2 -0.75000000 0.12777800 -0.38888900 0 -1.25100578 0.70000000 0.00000000 0.10496625 1.17073170 1.14392827 0.00000000 0.00000000
0 4 3 -0.75000000 0.12777800 -0.18333300 0 -1.22494588 0.80000000 0.00000000 -0.81132743 1.06476491 0.22661185 0.00000000 0.00000000
0 4 4 -0.75000000 0.12777800 0.02222220 0 -3.51131015 0.90000000 0.00000000 -0.63952125 1.38790599 0.48384458 0.00000000 0.00000000
0 4 5 -0.75000000 0.12777800 0.22777800 0 -1.48697419 1.00000000 0.00000000 0.30246510 0.37628076 0.81087910 0.00000000 0.00000000
0 4 6 -0.75000000 0.12777800 0.43333300 0 -2.04059066 1.00000000 0.00000000 0.22588482 0.43690215 1.37655197 0.00000000 0.00000000
0 4 7 -0.75000000 0.12777800 0.63888900 0 -1.99874345 1.00000000 0.00000000 -0.20380794 0.49286262 0.35105031 0.00000000 0.00000000
0 4 8 -0.75000000 0.12777800 0.84444400 0 -2.14955342 1.00000000 0.00000000 -0.30898207 0.53740217 0.99254678 0.00000000 0.00000000
0 4 9 -0.75000000 0.12777800 1.05000000 0 -2.16492346 1.00000000 0.00000000 -0.48063441 0.31668701 0.57975303 0.00000000 0.00000000
0 5 0 -0.75000000 0.17222200 -0.80000000 0 -0.61857405 0.60000000 0.00000000 -0.24075983 2.04054183 0.20910543 0.00000000 0.00000000
0 5 1 -0.75000000 0.17222200 -0.59444400 0 -2.16674671 0.50000000 0.00000000 -0.09334566 1.18342436 0.84541550 0.00000000 0.00000000
0 5 2 -0.75000000 0.17222200 -0.38888900 0 -1.39115122 0.90000000 0.00000000 -0.37767647 1.85970042 -0.49117770 0.00000000 0.00000000
0 5 3 -0.75000000 0.17222200 -0.18333300 0 -2.03095082 0.80000000 0.00000000 0.45622197 1.13238186 1.24670494 0.00000000 0.00000000
0 5 4 -0.75000000 0.17222200 0.02222220 0 -3.73967569 0.80000000 0.00000000 -0.22170858 1.64172817 -0.17192415 0.00000000 0.00000000
0 5 5 -0.75000000 0.17222200 0.22777800 0 -0.81329107 1.00000000 0.00000000 0.34068634 0.81612542 1.28128403 0.00000000 0.00000000
0 5 6 -0.75000000 0.17222200 0.43333300 0 -2.55007620 1.00000000 0.00000000 -0.52613467 1.69836728 0.92156669 0.00000000 0.00000000
0 5 7 -0.75000000 0.17222200 0.63888900 0 -2.01708702 1.00000000 0.00000000 -0.40880379 1.36426981 -0.50358108 0.00000000 0.00000000
0 5 8 -0.75000000 0.17222200 0.84444400 0 -2.10758758 1.00000000 0.00000000 -0.48981120 1.09843898 -0.90037813 0.00000000 0.00000000
0 5 9 -0.75000000 0.17222200 1.05000000 0 -2.29081630 1.00000000 0.00000000 -0.10657242 0.85205647 -1.44344197 0.00000000 0.00000000
0 6 0 -0.75000000 0.21666700 -0.80000000 0 -1.19841466 0.40000000 0.00000000 -0.03237796 1.44247690 0.16523309 0.00000000 0.00000000
0 6 1 -0.75000000 0.21666700 -0.59444400 0 -1.92982573 0.40000000 0.00000000 -0.18237112 0.43444451 1.03989922 0.00000000 0.00000000
0 6 2 -0.75000000 0.21666700 -0.38888900 0 -0.52357780 0.60000000 0.00000000 -0.43633922 1.07062850 0.32861287 0.00000000 0.00000000
0 6 3 -0.75000000 0.21666700 -0.18333300 0 -1.20589215 0.90000000 0.00000000 -0.63360968 2.01775755 1.23156585 0.00000000 0.00000000
0 6 4 -0.75000000 0.21666700 0.02222220 0 -2.93653645 0.80000000 0.00000000 -0.00702817 1.12381811 0.51559177 0.00000000 0.00000000
0 6 5 -0.75000000 0.21666700 0.22777800 0 -2.01667983 0.90000000 0.00000000 -0.87664723 0.48899951 1.39486528 0.00000000 0.00000000
0 6 6 -0.75000000 0.21666700 0.43333300 0 -2.12678115 1.00000000 0.00000000 0.48372104 0.53598295 -0.40408274 0.00000000 0.00000000
0 6 7 -0.75000000 0.21666700 0.63888900 0 -1.35086414 1.00000000 0.00000000 -0.11712194 0.63077313 0.32729064 0.00000000 0.00000000
0 6 8 -0.75000000 0.21666700 0.84444400 0 -2.30881808 1.00000000 0.00000000 0.33373022 0.13617952 -0.91305951 0.00000000 0.00000000
0 6 9 -0.75000000 0.21666700 1.05000000 0 -2.58108692 1.00000000 0.00000000 -0.36755867 0.24909292 0.35952115 0.00000000 0.00000000
0 7 0 -0.75000000 0.26111100 -0.80000000 0 -0.83495332 0.40000000 0.00000000 -0.07106891 1.96467525 0.43374836 0.00000000 0.00000000
0 7 1 -0.75000000 0.26111100 -0.59444400 0 -1.03608044 0.40000000 0.00000000 0.16951257 1.07946749 0.40813676 0.00000000 0.00000000
0 7 2 -0.75000000 0.26111100 -0.38888900 0 -1.60482782 0.60000000 0.00000000 0.47079498 0.50338197 1.02482183 0.00000000 0.00000000
0 7 3 -0.75000000 0.26111100 -0.18333300 0 -0.20521979 0.90000000 0.00000000 0.17109205 1.58967938 0.39151054 0.00000000 0.00000000
0 7 4 -0.75000000 0.26111100 0.02222220 0 -2.61337556 0.70000000 0.00000000 0.22170808 1.36533423 -1.20617141 0.00000000 0.00000000
0 7 5 -0.75000000 0.26111100 0.22777800 0 -2.13433312 0.80000000 0.00000000 -1.19050438 1.62795860 0.67451121 0.00000000 0.00000000
0 7 6 -0.75000000 0.26111100 0.43333300 0 -0.83028317 0.90000000 0.00000000 0.08784648 0.91931060 0.34980302 0.00000000 0.00000000
0 7 7 -0.75000000 0.26111100 0.63888900 0 -2.10529160 1.00000000 0.00000000 0.04075877 1.28060667 0.12967940 0.00000000 0.00000000
0 7 8 -0.75000000 0.26111100 0.84444400 0 -1.57286007 1.00000000 0.00000000 0.28810062 0.56038704 0.16018900 0.00000000 0.00000000
0 7 9 -0.75000000 0.26111100 1.05000000 0 -1.89596723 1.00000000 0.00000000 -0.24283438 0.65748934 -0.86813059 0.00000000 0.00000000
0 8 0 -0.75000000 0.30555600 -0.80000000 0 -1.03924507 0.40000000 0.00000000 0.48702750 1.24840696 0.97941332 0.00000000 0.00000000
0 8 1 -0.75000000 0.30555600 -0.59444400 0 -0.70598847 0.50000000 0.00000000 0.43455242 1.17816446 -0.05527657 0.00000000 0.00000000
0 8 2 -0.75000000 0.30555600 -0.38888900 0 -1.82062165 0.50000000 0.00000000 0.46256609 0.72441586 1.00185737 0.00000000 0.00000000
0 8 3 -0.75000000 0.30555600 -0.18333300 0 -2.35707720 0.70000000 0.00000000 -0.02219680 1.77171550 -0.94290113 0.00000000 0.00000000
0 8 4 -0.75000000 0.30555600 0.02222220 0 -1.64305323 0.70000000 0.00000000 -0.51229858 1.36459664 0.11386555 0.00000000 0.00000000
0 8 5 -0.75000000 0.30555600 0.22777800 0 -1.49340335 0.80000000 0.00000000 -0.01886263 1.42225810 0.49081067 0.00000000 0.00000000
0 8 6 -0.75000000 0.30555600 0.43333300 0 -1.29924626 0.90000000 0.00000000 0.13078614 1.03793144 1.40058444 0.00000000 0.00000000
0 8 7 -0.75000000 0.30555600 0.63888900 0 -2.38532134 0.90000000 0.00000000 -0.14681728 0.88459970 0.87523088 0.00000000 0.00000000
0 8 8 -0.75000000 0.30555600 0.84444400 0 -1.50597641 1.00000000 0.00000000 0.27096856 0.32857308 0.71661579 0.00000000 0.00000000
0 8 9 -0.75000000 0.30555600 1.05000000 0 -1.28334240 1.00000000 0.00000000 0.00680744 0.66468951 -0.55107842 0.00000000 0.00000000
0 9 0 -0.75000000 0.35000000 -0.80000000 0 -1.83656759 0.20000000 0.00000000 0.55491180 0.14099960 1.04604415 0.00000000 0.00000000
0 9 1 -0.75000000 0.35000000 -0.59444400 0 -1.97144128 0.30000000 0.00000000 0.48858547 0.84176060 0.34930165 0.00000000 0.00000000
0 9 2 -0.75000000 0.35000000 -0.38888900 0 -1.61718299 0.40000000 0.00000000 0.16875685 1.30412946 0.82777790 0.00000000 0.00000000
0 9 3 -0.75000000 0.35000000 -0.18333300 0 -1.43337033 0.60000000 0.00000000 -0.06144018 0.58298376 0.89737478 0.00000000 0.00000000
0 9 4 -0.75000000 0.35000000 0.02222220 0 -1.17867666 0.80000000 0.00000000 0.00604046 0.86615818 0.67326321 0.00000000 0.00000000
0 9 5 -0.75000000 0.35000000 0.22777800 0 -1.08002813 0.80000000 0.00000000 -0.38514807 1.56244390 -0.56698308 0.00000000 0.00000000
0 9 6 -0.75000000 0.35000000 0.43333300 0 -1.61937760 0.80000000 0.00000000 -0.63539096 1.28382883 0.09232735 0.00000000 0.00000000
0 9 7 -0.75000000 0.35000000 0.63888900 0 -2.42577609 0.90000000 0.00000000 -0.51847125 1.75026953 -1.34374007 0.00000000 0.00000000
0 9 8 -0.75000000 0.35000000 0.84444400 0 -1.77144908 0.90000000 0.00000000 0.41523803 0.28998564 0.11073365 0.00000000 0.00000000
0 9 9 -0.75000000 0.35000000 1.05000000 0 -2.17790023 0.90000000 0.00000000 0.00768167 0.29094961 0.45898940 0.00000000 0.00000000
