# iy iz iroll Y Z Roll candidate quality planning_ratio q0 q1 q2 q3 q4 q5 cluster
0 0 0 0.00000000 0.40000000 1.20000000 0 5.87687000 1.00000000 0.00000000 0.48916806 -1.32411494 -2.19180092 1.57000000 0.00000000 0
0 0 1 0.00000000 0.40000000 1.51818000 0 5.89766000 1.00000000 0.00000000 0.40054399 -0.95225125 -2.18130630 1.57000000 0.00000000 0
0 0 2 0.00000000 0.40000000 1.83636000 0 5.38343000 0.87500000 0.00000000 0.14695126 -1.45359258 -2.24623112 1.57000000 0.00000000 0
0 0 3 0.00000000 0.40000000 2.15455000 0 5.37801000 0.87500000 0.00000000 -1.71722567 -1.65764588 -2.10171986 1.57000000 0.00000000 0
0 0 4 0.00000000 0.40000000 2.47273000 0 5.89655000 1.00000000 0.00000000 -2.11765209 -1.42492716 -2.14720260 1.57000000 0.00000000 0
0 0 5 0.00000000 0.40000000 2.79091000 0 5.90937000 1.00000000 0.00000000 -2.19595260 -1.39089508 -2.12328788 1.57000000 0.00000000 0
0 0 6 0.00000000 0.40000000 3.10909000 0 5.88481000 1.00000000 0.00000000 -2.33564327 -1.32867182 -2.11468698 1.57000000 0.00000000 0
0 0 7 0.00000000 0.40000000 3.42727000 0 5.87403000 1.00000000 0.00000000 -2.49192883 -1.26998802 -2.15956779 1.57000000 0.00000000 0
0 0 8 0.00000000 0.40000000 3.74545000 0 5.34760000 0.87500000 0.00000000 -2.75278806 -1.53460073 -1.74330552 1.57000000 0.00000000 0
0 0 9 0.00000000 0.40000000 4.06364000 0 4.86962000 0.75000000 0.00000000 -3.08702225 -1.50630639 -1.83408513 1.57000000 0.00000000 0
0 0 10 0.00000000 0.40000000 4.38182000 0 4.34046000 0.75000000 0.00000000 -3.31506517 -1.11734498 -2.13975363 1.57000000 0.00000000 0
0 0 11 0.00000000 0.40000000 4.70000000 0 2.66818000 0.25000000 0.00000000 -3.40488213 -1.06280511 -2.20309526 1.57000000 0.00000000 0
0 1 0 0.00000000 0.45000000 1.20000000 0 5.92999000 1.00000000 0.00000000 0.18384951 -1.33345622 -2.37515586 1.57000000 0.00000000 0
0 1 1 0.00000000 0.45000000 1.51818000 0 5.95115000 1.00000000 0.00000000 0.25555498 -1.24769857 -2.36595035 1.57000000 0.00000000 0
0 1 2 0.00000000 0.45000000 1.83636000 0 5.92784000 1.00000000 0.00000000 -0.88359573 1.08144944 -1.20931047 1.57000000 0.00000000 1
0 1 3 0.00000000 0.45000000 2.15455000 0 5.37339000 0.87500000 0.00000000 -1.36191256 1.38840179 -1.17929910 1.57000000 0.00000000 1
0 1 4 0.00000000 0.45000000 2.47273000 0 5.84587000 1.00000000 0.00000000 -1.73262641 -1.70909032 -2.06410234 1.57000000 0.00000000 0
0 1 5 0.00000000 0.45000000 2.79091000 0 5.89227000 1.00000000 0.00000000 -2.19215585 -1.39899025 -2.13077794 1.57000000 0.00000000 0
0 1 6 0.00000000 0.45000000 3.10909000 0 5.87829000 1.00000000 0.00000000 -2.35774194 -1.33255738 -2.13921674 1.57000000 0.00000000 0
0 1 7 0.00000000 0.45000000 3.42727000 0 5.72277000 1.00000000 0.00000000 -2.55876052 -1.29949916 -2.18885376 1.57000000 0.00000000 0
0 1 8 0.00000000 0.45000000 3.74545000 0 5.40683000 0.87500000 0.00000000 -2.76681040 -1.39108891 -2.16100762 1.57000000 0.00000000 0
0 1 9 0.00000000 0.45000000 4.06364000 0 5.04960000 0.87500000 0.00000000 -3.11113653 -1.25311327 -1.98562074 1.57000000 0.00000000 0
0 1 10 0.00000000 0.45000000 4.38182000 0 3.78388000 0.50000000 0.00000000 -3.30017433 -1.18653398 -2.06839632 1.57000000 0.00000000 0
0 1 11 0.00000000 0.45000000 4.70000000 0 3.11932000 0.37500000 0.00000000 -3.36227046 -1.11359375 -2.16568227 1.57000000 0.00000000 0
0 2 0 0.00000000 0.50000000 1.20000000 0 5.93351000 1.00000000 0.00000000 -0.39061677 1.34502489 -1.86205351 1.57000000 0.00000000 1
0 2 1 0.00000000 0.50000000 1.51818000 0 5.94726000 1.00000000 0.00000000 0.37937380 -1.37281563 -2.31313261 1.57000000 0.00000000 0
0 2 2 0.00000000 0.50000000 1.83636000 0 5.92897000 1.00000000 0.00000000 -1.18194195 1.46188714 -1.35331260 1.57000000 0.00000000 1
0 2 3 0.00000000 0.50000000 2.15455000 0 5.40234000 0.87500000 0.00000000 -1.84020401 -1.50046067 -2.34210349 1.57000000 0.00000000 0
0 2 4 0.00000000 0.50000000 2.47273000 0 5.89008000 1.00000000 0.00000000 -1.88866233 -1.44180210 -2.26747244 1.57000000 0.00000000 0
0 2 5 0.00000000 0.50000000 2.79091000 0 5.91327000 1.00000000 0.00000000 -2.11413870 -1.37052942 -2.23165454 1.57000000 0.00000000 0
0 2 6 0.00000000 0.50000000 3.10909000 0 5.86674000 1.00000000 0.00000000 -2.33714777 -1.34410192 -2.22462915 1.57000000 0.00000000 0
0 2 7 0.00000000 0.50000000 3.42727000 0 5.70714000 1.00000000 0.00000000 -2.54579230 -1.40248392 -2.23526068 1.57000000 0.00000000 0
0 2 8 0.00000000 0.50000000 3.74545000 0 5.35024000 0.87500000 0.00000000 -2.72052950 -1.50149942 -2.21045297 1.57000000 0.00000000 0
0 2 9 0.00000000 0.50000000 4.06364000 0 4.71731000 0.75000000 0.00000000 -3.06340383 -1.34486767 -2.11297930 1.57000000 0.00000000 0
0 2 10 0.00000000 0.50000000 4.38182000 0 3.85104000 0.50000000 0.00000000 -3.22271360 -1.23840709 -2.14368764 1.57000000 0.00000000 0
0 2 11 0.00000000 0.50000000 4.70000000 0 3.18052000 0.37500000 0.00000000 -2.91155294 -1.60360446 -1.47577795 1.57000000 0.00000000 0
0 3 0 0.00000000 0.55000000 1.20000000 0 5.80505000 1.00000000 0.00000000 0.47226614 -1.61060636 -2.20407217 1.57000000 0.00000000 0
0 3 1 0.00000000 0.55000000 1.51818000 0 5.93120000 1.00000000 0.00000000 0.47855617 -1.52664763 -2.23090641 1.57000000 0.00000000 0
0 3 2 0.00000000 0.55000000 1.83636000 0 5.93812000 1.00000000 0.00000000 -0.88799489 1.37198425 -2.03069899 1.57000000 0.00000000 1
0 3 3 0.00000000 0.55000000 2.15455000 0 5.40714000 0.87500000 0.00000000 -1.24818024 1.34131843 -1.39856536 1.57000000 0.00000000 1
0 3 4 0.00000000 0.55000000 2.47273000 0 5.36110000 0.87500000 0.00000000 -1.77987065 -1.45464981 -2.40264954 1.57000000 0.00000000 0
0 3 5 0.00000000 0.55000000 2.79091000 0 5.89327000 1.00000000 0.00000000 -1.95848058 -1.45580676 -2.20248911 1.57000000 0.00000000 0
0 3 6 0.00000000 0.55000000 3.10909000 0 5.88028000 1.00000000 0.00000000 -2.16785778 -1.42021524 -2.23581747 1.57000000 0.00000000 0
0 3 7 0.00000000 0.55000000 3.42727000 0 5.83755000 1.00000000 0.00000000 -2.37277372 -1.43353260 -2.25280486 1.57000000 0.00000000 0
0 3 8 0.00000000 0.55000000 3.74545000 0 5.35515000 0.87500000 0.00000000 -2.56492548 -1.42983223 -2.21978553 1.57000000 0.00000000 0
0 3 9 0.00000000 0.55000000 4.06364000 0 4.81832000 0.75000000 0.00000000 -2.72374568 -1.61580041 -1.45780656 1.57000000 0.00000000 0
0 3 10 0.00000000 0.55000000 4.38182000 0 4.33726000 0.62500000 0.00000000 -2.81762001 -1.52621207 -1.46495208 1.57000000 0.00000000 0
0 3 11 0.00000000 0.55000000 4.70000000 0 3.37124000 0.37500000 0.00000000 -2.88104187 -1.47554382 -1.47846439 1.57000000 0.00000000 0
0 4 0 0.00000000 0.60000000 1.20000000 0 5.78916000 1.00000000 0.00000000 -0.20796061 1.50310014 -1.99922843 1.57000000 0.00000000 1
0 4 1 0.00000000 0.60000000 1.51818000 0 5.91595000 1.00000000 0.00000000 0.47618236 -1.53826913 -2.18389157 1.57000000 0.00000000 0
0 4 2 0.00000000 0.60000000 1.83636000 0 5.91690000 1.00000000 0.00000000 0.33403841 -1.53557139 -2.04111736 1.57000000 0.00000000 0
0 4 3 0.00000000 0.60000000 2.15455000 0 5.90276000 1.00000000 0.00000000 -1.29514448 1.31365617 -1.48632807 1.57000000 0.00000000 1
0 4 4 0.00000000 0.60000000 2.47273000 0 5.34243000 0.87500000 0.00000000 -1.77134873 -1.40311813 -2.40729710 1.57000000 0.00000000 0
0 4 5 0.00000000 0.60000000 2.79091000 0 5.78138000 1.00000000 0.00000000 -1.77889275 -1.52704805 -2.21674159 1.57000000 0.00000000 0
0 4 6 0.00000000 0.60000000 3.10909000 0 5.88722000 1.00000000 0.00000000 -1.95980659 -1.49947854 -2.24869338 1.57000000 0.00000000 0
0 4 7 0.00000000 0.60000000 3.42727000 0 5.88123000 1.00000000 0.00000000 -2.20159534 -1.44838459 -2.26283241 1.57000000 0.00000000 0
0 4 8 0.00000000 0.60000000 3.74545000 0 5.38953000 0.87500000 0.00000000 -2.44138477 -1.35057557 -2.20743738 1.57000000 0.00000000 0
0 4 9 0.00000000 0.60000000 4.06364000 0 4.30361000 0.62500000 0.00000000 -2.56512455 -1.41856951 -2.02117636 1.57000000 0.00000000 0
0 4 10 0.00000000 0.60000000 4.38182000 0 4.36633000 0.62500000 0.00000000 -2.75925804 -1.40021943 -1.45021051 1.57000000 0.00000000 0
0 4 11 0.00000000 0.60000000 4.70000000 0 2.84555000 0.25000000 0.00000000 -2.85223642 -1.36460920 -1.45373939 1.57000000 0.00000000 0
1 0 0 0.06000000 0.40000000 1.20000000 0 5.89714000 1.00000000 0.00000000 0.33065418 -1.90853542 -1.58821222 1.57000000 0.00000000 0
1 0 1 0.06000000 0.40000000 1.51818000 0 5.94475000 1.00000000 0.00000000 0.11522096 -1.32875225 -2.24752794 1.57000000 0.00000000 0
1 0 2 0.06000000 0.40000000 1.83636000 0 5.43133000 0.87500000 0.00000000 -1.13545231 1.34386175 -1.27412772 1.57000000 0.00000000 1
1 0 3 0.06000000 0.40000000 2.15455000 0 5.38390000 0.87500000 0.00000000 -1.70638312 -1.54669532 -2.16429255 1.57000000 0.00000000 0
1 0 4 0.06000000 0.40000000 2.47273000 0 5.89320000 1.00000000 0.00000000 -2.13342592 -1.39491870 -2.11546208 1.57000000 0.00000000 0
1 0 5 0.06000000 0.40000000 2.79091000 0 5.91555000 1.00000000 0.00000000 -2.19220647 -1.38975276 -2.07608755 1.57000000 0.00000000 0
1 0 6 0.06000000 0.40000000 3.10909000 0 5.64461000 1.00000000 0.00000000 -2.30293273 -1.38520265 -2.03084438 1.57000000 0.00000000 0
1 0 7 0.06000000 0.40000000 3.42727000 0 5.87294000 1.00000000 0.00000000 -2.44784092 -1.50641502 -1.78655974 1.57000000 0.00000000 0
1 0 8 0.06000000 0.40000000 3.74545000 0 5.81511000 1.00000000 0.00000000 -2.82388113 -1.40416398 -1.80253565 1.57000000 0.00000000 0
1 0 9 0.06000000 0.40000000 4.06364000 0 5.17582000 0.87500000 0.00000000 -3.20257377 -1.05684680 -1.99195604 1.57000000 0.00000000 0
1 0 10 0.06000000 0.40000000 4.38182000 0 4.16216000 0.62500000 0.00000000 -3.35638812 -0.95211997 -2.17852748 1.57000000 0.00000000 0
1 0 11 0.06000000 0.40000000 4.70000000 0 2.69162000 0.25000000 0.00000000 -3.44483705 -0.95265173 -2.24216464 1.57000000 0.00000000 0
1 1 0 0.06000000 0.45000000 1.20000000 0 5.85395000 1.00000000 0.00000000 0.11480612 -1.40318922 -2.34416851 1.57000000 0.00000000 0
1 1 1 0.06000000 0.45000000 1.51818000 0 5.92997000 1.00000000 0.00000000 0.16733647 -1.32217463 -2.31497652 1.57000000 0.00000000 0
1 1 2 0.06000000 0.45000000 1.83636000 0 5.92876000 1.00000000 0.00000000 -1.21738140 1.48417016 -1.28611482 1.57000000 0.00000000 1
1 1 3 0.06000000 0.45000000 2.15455000 0 5.35511000 0.87500000 0.00000000 -1.34636698 1.41093294 -1.16971084 1.57000000 0.00000000 1
1 1 4 0.06000000 0.45000000 2.47273000 0 5.89065000 1.00000000 0.00000000 -1.78203832 -1.53964980 -2.12106773 1.57000000 0.00000000 0
1 1 5 0.06000000 0.45000000 2.79091000 0 5.90761000 1.00000000 0.00000000 -2.15093494 -1.38660156 -2.09022923 1.57000000 0.00000000 0
1 1 6 0.06000000 0.45000000 3.10909000 0 5.91098000 1.00000000 0.00000000 -2.31559797 -1.29947951 -2.12450861 1.57000000 0.00000000 0
1 1 7 0.06000000 0.45000000 3.42727000 0 5.88982000 1.00000000 0.00000000 -2.54291110 -1.20977016 -2.20144826 1.57000000 0.00000000 0
1 1 8 0.06000000 0.45000000 3.74545000 0 5.27148000 0.87500000 0.00000000 -2.81606911 -1.28949495 -2.20577631 1.57000000 0.00000000 0
1 1 9 0.06000000 0.45000000 4.06364000 0 4.81543000 0.75000000 0.00000000 -3.17284006 -1.16000997 -1.98195070 1.57000000 0.00000000 0
1 1 10 0.06000000 0.45000000 4.38182000 0 3.32735000 0.37500000 0.00000000 -3.32713709 -1.07550465 -2.07856415 1.57000000 0.00000000 0
1 1 11 0.06000000 0.45000000 4.70000000 0 3.24546000 0.37500000 0.00000000 -3.40353169 -1.04336148 -2.19080422 1.57000000 0.00000000 0
1 2 0 0.06000000 0.50000000 1.20000000 0 5.93815000 1.00000000 0.00000000 -0.46633068 1.42922196 -1.77811632 1.57000000 0.00000000 1
1 2 1 0.06000000 0.50000000 1.51818000 0 5.92687000 1.00000000 0.00000000 0.31178313 -1.39832435 -2.30913836 1.57000000 0.00000000 0
1 2 2 0.06000000 0.50000000 1.83636000 0 5.92969000 1.00000000 0.00000000 -1.16016095 1.47819222 -1.33788702 1.57000000 0.00000000 1
1 2 3 0.06000000 0.50000000 2.15455000 0 5.37526000 0.87500000 0.00000000 -1.72898400 -1.52798857 -2.32482380 1.57000000 0.00000000 0
1 2 4 0.06000000 0.50000000 2.47273000 0 5.89443000 1.00000000 0.00000000 -1.88008775 -1.46035718 -2.14969661 1.57000000 0.00000000 0
1 2 5 0.06000000 0.50000000 2.79091000 0 5.91819000 1.00000000 0.00000000 -2.07295377 -1.35829806 -2.18636063 1.57000000 0.00000000 0
1 2 6 0.06000000 0.50000000 3.10909000 0 5.88408000 1.00000000 0.00000000 -2.30909145 -1.26352654 -2.22366544 1.57000000 0.00000000 0
1 2 7 0.06000000 0.50000000 3.42727000 0 5.88019000 1.00000000 0.00000000 -2.52474607 -1.30634715 -2.22156244 1.57000000 0.00000000 0
1 2 8 0.06000000 0.50000000 3.74545000 0 5.28159000 0.87500000 0.00000000 -2.75831138 -1.39897935 -2.17583315 1.57000000 0.00000000 0
1 2 9 0.06000000 0.50000000 4.06364000 0 4.32509000 0.62500000 0.00000000 -3.09839666 -1.28167176 -2.09012262 1.57000000 0.00000000 0
1 2 10 0.06000000 0.50000000 4.38182000 0 3.77681000 0.50000000 0.00000000 -2.98192391 -1.52447933 -1.48097303 1.57000000 0.00000000 0
1 2 11 0.06000000 0.50000000 4.70000000 0 3.37053000 0.37500000 0.00000000 -3.02438204 -1.52648632 -1.47440791 1.57000000 0.00000000 0
1 3 0 0.06000000 0.55000000 1.20000000 0 5.73175000 1.00000000 0.00000000 0.41652988 -1.62045081 -2.25136441 1.57000000 0.00000000 0
1 3 1 0.06000000 0.55000000 1.51818000 0 5.94887000 1.00000000 0.00000000 -0.66563623 1.33481416 -1.82374198 1.57000000 0.00000000 1
1 3 2 0.06000000 0.55000000 1.83636000 0 5.92301000 1.00000000 0.00000000 -1.11209974 1.43039553 -1.37263099 1.57000000 0.00000000 1
1 3 3 0.06000000 0.55000000 2.15455000 0 5.34562000 0.87500000 0.00000000 -1.74832559 -1.53769278 -2.37870232 1.57000000 0.00000000 0
1 3 4 0.06000000 0.55000000 2.47273000 0 5.83687000 1.00000000 0.00000000 -1.77889122 -1.50979792 -2.20498781 1.57000000 0.00000000 0
1 3 5 0.06000000 0.55000000 2.79091000 0 5.89184000 1.00000000 0.00000000 -1.93881377 -1.46012711 -2.18342340 1.57000000 0.00000000 0
1 3 6 0.06000000 0.55000000 3.10909000 0 5.88746000 1.00000000 0.00000000 -2.18611521 -1.37943738 -2.22784551 1.57000000 0.00000000 0
1 3 7 0.06000000 0.55000000 3.42727000 0 5.85505000 1.00000000 0.00000000 -2.41829438 -1.36816601 -2.23009511 1.57000000 0.00000000 0
1 3 8 0.06000000 0.55000000 3.74545000 0 5.35278000 0.87500000 0.00000000 -2.63234055 -1.39191392 -2.14390426 1.57000000 0.00000000 0
1 3 9 0.06000000 0.55000000 4.06364000 0 3.87781000 0.50000000 0.00000000 -2.74738623 -1.51212389 -1.46492109 1.57000000 0.00000000 0
1 3 10 0.06000000 0.55000000 4.38182000 0 3.71953000 0.50000000 0.00000000 -2.89565467 -1.43991712 -1.47164117 1.57000000 0.00000000 0
1 3 11 0.06000000 0.55000000 4.70000000 0 3.29650000 0.37500000 0.00000000 -2.96035424 -1.43049188 -1.49188442 1.57000000 0.00000000 0
1 4 0 0.06000000 0.60000000 1.20000000 0 4.84293000 0.75000000 0.00000000 0.42957232 -1.64011396 -2.18886195 1.57000000 0.00000000 0
1 4 1 0.06000000 0.60000000 1.51818000 0 5.92420000 1.00000000 0.00000000 0.36753684 -1.61210111 -2.12246667 1.57000000 0.00000000 0
1 4 2 0.06000000 0.60000000 1.83636000 0 5.92469000 1.00000000 0.00000000 -1.20286374 1.34116449 -1.48771936 1.57000000 0.00000000 1
1 4 3 0.06000000 0.60000000 2.15455000 0 5.37687000 0.87500000 0.00000000 -1.36008427 1.40538727 -1.44552790 1.57000000 0.00000000 1
1 4 4 0.06000000 0.60000000 2.47273000 0 5.29893000 0.87500000 0.00000000 -1.76967414 -1.45627384 -2.38226280 1.57000000 0.00000000 0
1 4 5 0.06000000 0.60000000 2.79091000 0 5.87240000 1.00000000 0.00000000 -1.82115239 -1.54558038 -2.20945471 1.57000000 0.00000000 0
1 4 6 0.06000000 0.60000000 3.10909000 0 5.91270000 1.00000000 0.00000000 -2.03083698 -1.48058308 -2.22947182 1.57000000 0.00000000 0
1 4 7 0.06000000 0.60000000 3.42727000 0 5.80767000 1.00000000 0.00000000 -2.33384746 -1.38184315 -2.24238280 1.57000000 0.00000000 0
1 4 8 0.06000000 0.60000000 3.74545000 0 5.38511000 0.87500000 0.00000000 -2.55107326 -1.33859664 -2.13848284 1.57000000 0.00000000 0
1 4 9 0.06000000 0.60000000 4.06364000 0 3.84829000 0.50000000 0.00000000 -2.63650608 -1.32502600 -2.03426175 1.57000000 0.00000000 0
1 4 10 0.06000000 0.60000000 4.38182000 0 3.35679000 0.37500000 0.00000000 -2.81121239 -1.35445195 -1.42646226 1.57000000 0.00000000 0
1 4 11 0.06000000 0.60000000 4.70000000 0 3.32857000 0.37500000 0.00000000 -2.89692112 -1.35703254 -1.46172497 1.57000000 0.00000000 0
2 0 0 0.12000000 0.40000000 1.20000000 0 5.94555000 1.00000000 0.00000000 0.35396180 -1.87257474 -1.53902791 1.57000000 0.00000000 0
2 0 1 0.12000000 0.40000000 1.51818000 0 5.93622000 1.00000000 0.00000000 0.12761423 -1.33466065 -2.22522320 1.57000000 0.00000000 0
2 0 2 0.12000000 0.40000000 1.83636000 0 5.42568000 0.87500000 0.00000000 -1.20821685 1.38118889 -1.20404460 1.57000000 0.00000000 1
2 0 3 0.12000000 0.40000000 2.15455000 0 5.37200000 0.87500000 0.00000000 -1.68709217 -1.49094673 -2.23132980 1.57000000 0.00000000 0
2 0 4 0.12000000 0.40000000 2.47273000 0 5.87862000 1.00000000 0.00000000 -2.11205706 -1.34820962 -2.05939521 1.57000000 0.00000000 0
2 0 5 0.12000000 0.40000000 2.79091000 0 5.91797000 1.00000000 0.00000000 -2.19419602 -1.39462170 -2.00439718 1.57000000 0.00000000 0
2 0 6 0.12000000 0.40000000 3.10909000 0 5.92214000 1.00000000 0.00000000 -2.33809710 -1.41875591 -1.89325371 1.57000000 0.00000000 0
2 0 7 0.12000000 0.40000000 3.42727000 0 5.89189000 1.00000000 0.00000000 -2.52698031 -1.35701462 -1.87638262 1.57000000 0.00000000 0
2 0 8 0.12000000 0.40000000 3.74545000 0 4.73842000 0.75000000 0.00000000 -2.92259034 -1.02977469 -2.11116676 1.57000000 0.00000000 0
2 0 9 0.12000000 0.40000000 4.06364000 0 4.32212000 0.62500000 0.00000000 -3.22486412 -0.87999523 -2.06658231 1.57000000 0.00000000 0
2 0 10 0.12000000 0.40000000 4.38182000 0 2.78203000 0.37500000 0.00000000 -3.40983405 -0.85679873 -2.23288019 1.57000000 0.00000000 0
2 0 11 0.12000000 0.40000000 4.70000000 0 2.43463000 0.25000000 0.00000000 -3.48425685 -0.91246513 -2.28935240 1.57000000 0.00000000 0
2 1 0 0.12000000 0.45000000 1.20000000 0 5.89067000 1.00000000 0.00000000 0.35853365 -1.85147320 -1.54172379 1.57000000 0.00000000 0
2 1 1 0.12000000 0.45000000 1.51818000 0 5.92758000 1.00000000 0.00000000 0.23102074 -1.18440292 -2.05571604 1.57000000 0.00000000 0
2 1 2 0.12000000 0.45000000 1.83636000 0 5.42326000 0.87500000 0.00000000 -1.55862338 -1.52462982 -2.27586361 1.57000000 0.00000000 0
2 1 3 0.12000000 0.45000000 2.15455000 0 5.32422000 0.87500000 0.00000000 -1.65000297 -1.50852830 -2.25009798 1.57000000 0.00000000 0
2 1 4 0.12000000 0.45000000 2.47273000 0 5.89554000 1.00000000 0.00000000 -1.99885054 -1.35412521 -2.03219524 1.57000000 0.00000000 0
2 1 5 0.12000000 0.45000000 2.79091000 0 5.92264000 1.00000000 0.00000000 -2.12672309 -1.36902268 -2.03333860 1.57000000 0.00000000 0
2 1 6 0.12000000 0.45000000 3.10909000 0 5.41013000 0.87500000 0.00000000 -2.33927902 -1.38735609 -1.95943965 1.57000000 0.00000000 0
2 1 7 0.12000000 0.45000000 3.42727000 0 5.37936000 0.87500000 0.00000000 -2.57724982 -1.32495598 -1.91601198 1.57000000 0.00000000 0
2 1 8 0.12000000 0.45000000 3.74545000 0 5.27837000 0.87500000 0.00000000 -2.90208425 -1.21029533 -1.92919100 1.57000000 0.00000000 0
2 1 9 0.12000000 0.45000000 4.06364000 0 3.65044000 0.50000000 0.00000000 -3.21367764 -0.96643703 -2.04728570 1.57000000 0.00000000 0
2 1 10 0.12000000 0.45000000 4.38182000 0 3.73965000 0.50000000 0.00000000 -3.19540210 -1.42011550 -1.43962304 1.57000000 0.00000000 0
2 1 11 0.12000000 0.45000000 4.70000000 0 2.78162000 0.25000000 0.00000000 -3.19470039 -1.49331135 -1.44518226 1.57000000 0.00000000 0
2 2 0 0.12000000 0.50000000 1.20000000 0 5.81537000 1.00000000 0.00000000 0.24485204 -1.42519740 -2.30469753 1.57000000 0.00000000 0
2 2 1 0.12000000 0.50000000 1.51818000 0 5.94641000 1.00000000 0.00000000 0.23138653 -1.25416726 -2.28733886 1.57000000 0.00000000 0
2 2 2 0.12000000 0.50000000 1.83636000 0 5.90282000 1.00000000 0.00000000 -1.16055588 1.50473804 -1.29521352 1.57000000 0.00000000 1
2 2 3 0.12000000 0.50000000 2.15455000 0 5.29720000 0.87500000 0.00000000 -1.62560977 -1.58807343 -2.28963008 1.57000000 0.00000000 0
2 2 4 0.12000000 0.50000000 2.47273000 0 5.83749000 1.00000000 0.00000000 -1.84814223 -1.43509223 -1.98023463 1.57000000 0.00000000 0
2 2 5 0.12000000 0.50000000 2.79091000 0 5.91531000 1.00000000 0.00000000 -2.01609860 -1.35898324 -2.06990821 1.57000000 0.00000000 0
2 2 6 0.12000000 0.50000000 3.10909000 0 5.88320000 1.00000000 0.00000000 -2.32965520 -1.16048724 -2.24469519 1.57000000 0.00000000 0
2 2 7 0.12000000 0.50000000 3.42727000 0 5.82625000 1.00000000 0.00000000 -2.53433342 -1.18888812 -2.19691928 1.57000000 0.00000000 0
2 2 8 0.12000000 0.50000000 3.74545000 0 4.12895000 0.62500000 0.00000000 -2.81658625 -1.26531805 -1.93674531 1.57000000 0.00000000 0
2 2 9 0.12000000 0.50000000 4.06364000 0 3.80673000 0.50000000 0.00000000 -3.10095187 -0.96239595 -2.24236583 1.57000000 0.00000000 0
2 2 10 0.12000000 0.50000000 4.38182000 0 3.28069000 0.37500000 0.00000000 -3.10915030 -1.36862814 -1.44494139 1.57000000 0.00000000 0
2 2 11 0.12000000 0.50000000 4.70000000 0 2.83937000 0.25000000 0.00000000 -3.14585860 -1.40060589 -1.43700029 1.57000000 0.00000000 0
2 3 1 0.12000000 0.55000000 1.51818000 0 5.94168000 1.00000000 0.00000000 0.34038941 -1.39421298 -2.29131624 1.57000000 0.00000000 0
2 3 2 0.12000000 0.55000000 1.83636000 0 5.93100000 1.00000000 0.00000000 -1.29416754 1.40427325 -1.51294603 1.57000000 0.00000000 1
2 3 3 0.12000000 0.55000000 2.15455000 0 5.34817000 0.87500000 0.00000000 -1.43630105 1.48043598 -1.49859804 1.57000000 0.00000000 1
2 3 4 0.12000000 0.55000000 2.47273000 0 5.88232000 1.00000000 0.00000000 -1.67898962 -1.70862846 -2.28116942 1.57000000 0.00000000 0
2 3 5 0.12000000 0.55000000 2.79091000 0 5.90653000 1.00000000 0.00000000 -1.95988101 -1.37029491 -2.27313277 1.57000000 0.00000000 0
2 3 6 0.12000000 0.55000000 3.10909000 0 5.68036000 1.00000000 0.00000000 -2.30675734 -1.21771065 -2.28358333 1.57000000 0.00000000 0
2 3 7 0.12000000 0.55000000 3.42727000 0 5.84507000 1.00000000 0.00000000 -2.51938412 -1.19304849 -2.24501634 1.57000000 0.00000000 0
2 3 8 0.12000000 0.55000000 3.74545000 0 4.42383000 0.62500000 0.00000000 -2.67778740 -1.27332572 -2.04035473 1.57000000 0.00000000 0
2 3 9 0.12000000 0.55000000 4.06364000 0 3.86715000 0.50000000 0.00000000 -2.86518818 -1.29728830 -1.49197717 1.57000000 0.00000000 0
2 3 10 0.12000000 0.55000000 4.38182000 0 3.31821000 0.37500000 0.00000000 -2.99262552 -1.29781576 -1.40806228 1.57000000 0.00000000 0
2 3 11 0.12000000 0.55000000 4.70000000 0 3.36602000 0.37500000 0.00000000 -3.09118898 -1.26098966 -1.34408173 1.57000000 0.00000000 0
2 4 2 0.12000000 0.60000000 1.83636000 0 5.92527000 1.00000000 0.00000000 -1.22171083 1.32420252 -1.49771240 1.57000000 0.00000000 1
2 4 3 0.12000000 0.60000000 2.15455000 0 5.37483000 0.87500000 0.00000000 0.02188365 -1.40273997 -1.48278880 1.57000000 0.00000000 0
2 4 4 0.12000000 0.60000000 2.47273000 0 5.87735000 1.00000000 0.00000000 -1.73061753 -1.50538048 -2.42338763 1.57000000 0.00000000 0
2 4 5 0.12000000 0.60000000 2.79091000 0 5.88983000 1.00000000 0.00000000 -1.80181495 -1.53278789 -2.23183122 1.57000000 0.00000000 0
2 4 6 0.12000000 0.60000000 3.10909000 0 5.85427000 1.00000000 0.00000000 -2.22890154 -1.34726420 -2.28014789 1.57000000 0.00000000 0
2 4 7 0.12000000 0.60000000 3.42727000 0 5.36103000 0.87500000 0.00000000 -2.52972380 -1.21723160 -2.26438727 1.57000000 0.00000000 0
2 4 8 0.12000000 0.60000000 3.74545000 0 3.89158000 0.50000000 0.00000000 -2.56373581 -1.26092841 -1.97917254 1.57000000 0.00000000 0
2 4 9 0.12000000 0.60000000 4.06364000 0 3.42367000 0.37500000 0.00000000 -2.70589091 -1.23174995 -2.04361250 1.57000000 0.00000000 0
2 4 10 0.12000000 0.60000000 4.38182000 0 3.28228000 0.37500000 0.00000000 -2.86089063 -1.30571435 -1.33249676 1.57000000 0.00000000 0
2 4 11 0.12000000 0.60000000 4.70000000 0 3.03431000 0.37500000 0.00000000 -2.99727643 -1.25339481 -1.30914074 1.57000000 0.00000000 0
3 0 0 0.18000000 0.40000000 1.20000000 0 5.92248000 1.00000000 0.00000000 0.20321840 -1.35108038 -2.20784464 1.57000000 0.00000000 0
3 0 1 0.18000000 0.40000000 1.51818000 0 5.93688000 1.00000000 0.00000000 -1.12597834 1.39676621 -1.12591155 1.57000000 0.00000000 1
3 0 2 0.18000000 0.40000000 1.83636000 0 5.41430000 0.87500000 0.00000000 -1.21680911 1.20377593 -1.21305667 1.57000000 0.00000000 1
3 0 3 0.18000000 0.40000000 2.15455000 0 5.85560000 1.00000000 0.00000000 -1.68233790 -1.43856887 -2.27600402 1.57000000 0.00000000 0
3 0 4 0.18000000 0.40000000 2.47273000 0 5.90689000 1.00000000 0.00000000 -2.02303599 -1.31312738 -1.96875693 1.57000000 0.00000000 0
3 0 5 0.18000000 0.40000000 2.79091000 0 5.92925000 1.00000000 0.00000000 -2.18309848 -1.32832757 -1.92998983 1.57000000 0.00000000 0
3 0 6 0.18000000 0.40000000 3.10909000 0 5.72647000 1.00000000 0.00000000 -2.41819420 -1.27753568 -1.88381657 1.57000000 0.00000000 0
3 0 7 0.18000000 0.40000000 3.42727000 0 4.88144000 0.75000000 0.00000000 -2.63280372 -1.19698887 -1.90664262 1.57000000 0.00000000 0
3 0 8 0.18000000 0.40000000 3.74545000 0 4.91081000 0.75000000 0.00000000 -2.94129756 -0.95112424 -2.05596032 1.57000000 0.00000000 0
3 0 9 0.18000000 0.40000000 4.06364000 0 2.95680000 0.37500000 0.00000000 -3.27376557 -0.78518184 -2.18686342 1.57000000 0.00000000 0
3 0 10 0.18000000 0.40000000 4.38182000 0 2.64113000 0.25000000 0.00000000 -3.45748823 -0.87224453 -2.25389078 1.57000000 0.00000000 0
3 0 11 0.18000000 0.40000000 4.70000000 0 2.67629000 0.25000000 0.00000000 -3.47784348 -1.20269686 -1.46398503 1.57000000 0.00000000 0
3 1 0 0.18000000 0.45000000 1.20000000 0 5.88675000 1.00000000 0.00000000 0.42362646 -1.81879668 -1.50948039 1.57000000 0.00000000 0
3 1 1 0.18000000 0.45000000 1.51818000 0 5.94489000 1.00000000 0.00000000 0.39197769 -1.53026903 -1.43204240 1.57000000 0.00000000 0
3 1 2 0.18000000 0.45000000 1.83636000 0 5.29277000 0.87500000 0.00000000 -1.26081041 -1.34092592 -2.24161098 1.57000000 0.00000000 0
3 1 3 0.18000000 0.45000000 2.15455000 0 5.35229000 0.87500000 0.00000000 -1.80791390 -1.26836135 -2.37812139 1.57000000 0.00000000 0
3 1 4 0.18000000 0.45000000 2.47273000 0 5.88060000 1.00000000 0.00000000 -1.94730513 -1.30961331 -1.97741272 1.57000000 0.00000000 0
3 1 5 0.18000000 0.45000000 2.79091000 0 5.91516000 1.00000000 0.00000000 -2.11860315 -1.32005799 -1.98477125 1.57000000 0.00000000 0
3 1 6 0.18000000 0.45000000 3.10909000 0 5.40586000 0.87500000 0.00000000 -2.40110132 -1.29099479 -1.92917608 1.57000000 0.00000000 0
3 1 7 0.18000000 0.45000000 3.42727000 0 5.87758000 1.00000000 0.00000000 -2.62555163 -1.22464394 -1.90489239 1.57000000 0.00000000 0
3 1 8 0.18000000 0.45000000 3.74545000 0 4.29905000 0.62500000 0.00000000 -2.97341693 -0.86665796 -2.16005825 1.57000000 0.00000000 0
3 1 9 0.18000000 0.45000000 4.06364000 0 3.36471000 0.37500000 0.00000000 -3.21725365 -0.80972928 -2.22548647 1.57000000 0.00000000 0
3 1 10 0.18000000 0.45000000 4.38182000 0 2.83280000 0.25000000 0.00000000 -3.25736111 -1.27913231 -1.40981875 1.57000000 0.00000000 0
3 1 11 0.18000000 0.45000000 4.70000000 0 2.64318000 0.25000000 0.00000000 -3.35640504 -1.24588030 -1.46498903 1.57000000 0.00000000 0
3 2 0 0.18000000 0.50000000 1.20000000 0 5.38925000 0.87500000 0.00000000 0.29945584 -1.21466961 -2.20682255 1.57000000 0.00000000 0
3 2 1 0.18000000 0.50000000 1.51818000 0 5.95099000 1.00000000 0.00000000 0.18886680 -1.14859028 -2.24570267 1.57000000 0.00000000 0
3 2 2 0.18000000 0.50000000 1.83636000 0 5.91051000 1.00000000 0.00000000 0.02872831 -1.02371269 -2.16599072 1.57000000 0.00000000 0
3 2 3 0.18000000 0.50000000 2.15455000 0 5.32452000 0.87500000 0.00000000 -1.46809248 1.22938983 -1.13969720 1.57000000 0.00000000 1
3 2 4 0.18000000 0.50000000 2.47273000 0 5.88840000 1.00000000 0.00000000 -1.84342733 -1.34446525 -1.94383319 1.57000000 0.00000000 0
3 2 5 0.18000000 0.50000000 2.79091000 0 5.90163000 1.00000000 0.00000000 -2.01246534 -1.29174475 -2.03614923 1.57000000 0.00000000 0
3 2 6 0.18000000 0.50000000 3.10909000 0 5.87626000 1.00000000 0.00000000 -2.33182887 -1.23905707 -2.04625626 1.57000000 0.00000000 0
3 2 7 0.18000000 0.50000000 3.42727000 0 4.86308000 0.75000000 0.00000000 -2.61502115 -1.22087287 -1.92230301 1.57000000 0.00000000 0
3 2 8 0.18000000 0.50000000 3.74545000 0 3.65056000 0.50000000 0.00000000 -2.93348146 -0.90268525 -2.25686000 1.57000000 0.00000000 0
3 2 9 0.18000000 0.50000000 4.06364000 0 3.28644000 0.37500000 0.00000000 -3.03222367 -1.31557599 -1.35967764 1.57000000 0.00000000 0
3 2 10 0.18000000 0.50000000 4.38182000 0 2.83590000 0.25000000 0.00000000 -3.15318284 -1.29130028 -1.35699613 1.57000000 0.00000000 0
3 2 11 0.18000000 0.50000000 4.70000000 0 2.32004000 0.12500000 0.00000000 -3.20823655 -1.29994792 -1.33001854 1.57000000 0.00000000 0
3 3 1 0.18000000 0.55000000 1.51818000 0 5.94691000 1.00000000 0.00000000 0.41443960 -1.48667308 -1.38070396 1.57000000 0.00000000 0
3 3 2 0.18000000 0.55000000 1.83636000 0 5.90676000 1.00000000 0.00000000 -0.82342276 0.59554669 -1.48519658 1.57000000 0.00000000 1
3 3 3 0.18000000 0.55000000 2.15455000 0 5.33971000 0.87500000 0.00000000 -1.63518148 -1.52014556 -2.14054877 1.57000000 0.00000000 0
3 3 4 0.18000000 0.55000000 2.47273000 0 5.85596000 1.00000000 0.00000000 -1.74478962 -1.43403356 -2.29800086 1.57000000 0.00000000 0
3 3 5 0.18000000 0.55000000 2.79091000 0 5.90925000 1.00000000 0.00000000 -2.00749299 -1.30190492 -2.31052323 1.57000000 0.00000000 0
3 3 6 0.18000000 0.55000000 3.10909000 0 5.56296000 1.00000000 0.00000000 -2.35525296 -1.15112696 -2.31458052 1.57000000 0.00000000 0
3 3 7 0.18000000 0.55000000 3.42727000 0 4.87362000 0.75000000 0.00000000 -2.61944483 -1.02298143 -2.30177798 1.57000000 0.00000000 0
3 3 8 0.18000000 0.55000000 3.74545000 0 3.83020000 0.50000000 0.00000000 -2.69942820 -1.31526147 -1.61991290 1.57000000 0.00000000 0
3 3 9 0.18000000 0.55000000 4.06364000 0 2.91789000 0.25000000 0.00000000 -2.82229276 -1.32566241 -1.32051559 1.57000000 0.00000000 0
3 3 10 0.18000000 0.55000000 4.38182000 0 3.28971000 0.37500000 0.00000000 -3.00656998 -1.28887193 -1.28699062 1.57000000 0.00000000 0
3 3 11 0.18000000 0.55000000 4.70000000 0 2.34524000 0.12500000 0.00000000 -3.14569048 -1.24388982 -1.27070297 1.57000000 0.00000000 0
3 4 2 0.18000000 0.60000000 1.83636000 0 5.91434000 1.00000000 0.00000000 0.10635972 -1.23591366 -1.66930892 1.57000000 0.00000000 0
3 4 3 0.18000000 0.60000000 2.15455000 0 5.28008000 0.87500000 0.00000000 -1.20394129 0.70368071 -1.64387203 1.57000000 0.00000000 1
3 4 4 0.18000000 0.60000000 2.47273000 0 5.87108000 1.00000000 0.00000000 -1.76859878 -1.35725050 -2.40567037 1.57000000 0.00000000 0
3 4 5 0.18000000 0.60000000 2.79091000 0 5.89874000 1.00000000 0.00000000 -1.87436395 -1.38889913 -2.29105886 1.57000000 0.00000000 0
3 4 6 0.18000000 0.60000000 3.10909000 0 5.32885000 0.87500000 0.00000000 -2.31359582 -1.19291483 -2.30901373 1.57000000 0.00000000 0
3 4 7 0.18000000 0.60000000 3.42727000 0 3.92317000 0.50000000 0.00000000 -2.59549934 -1.06237838 -2.29323051 1.57000000 0.00000000 0
3 4 8 0.18000000 0.60000000 3.74545000 0 3.41768000 0.37500000 0.00000000 -2.62735589 -1.15063772 -1.90258904 1.57000000 0.00000000 0
3 4 9 0.18000000 0.60000000 4.06364000 0 3.30433000 0.37500000 0.00000000 -2.65648228 -1.33997464 -1.27369410 1.57000000 0.00000000 0
3 4 10 0.18000000 0.60000000 4.38182000 0 3.35293000 0.37500000 0.00000000 -2.89681489 -1.27468134 -1.27353455 1.57000000 0.00000000 0
3 4 11 0.18000000 0.60000000 4.70000000 0 2.37907000 0.12500000 0.00000000 -3.10600144 -1.21568250 -1.26241390 1.57000000 0.00000000 0
4 0 0 0.24000000 0.40000000 1.20000000 0 5.93253000 1.00000000 0.00000000 0.44828805 -1.31342426 -1.92743092 1.57000000 0.00000000 0
4 0 1 0.24000000 0.40000000 1.51818000 0 5.93675000 1.00000000 0.00000000 -0.97319894 1.36831259 -2.23691109 1.57000000 0.00000000 1
4 0 2 0.24000000 0.40000000 1.83636000 0 5.38866000 0.87500000 0.00000000 -1.31282629 1.19233320 -1.21415301 1.57000000 0.00000000 1
4 0 3 0.24000000 0.40000000 2.15455000 0 5.83522000 1.00000000 0.00000000 -1.66676154 -1.29495073 -2.30816203 1.57000000 0.00000000 0
4 0 4 0.24000000 0.40000000 2.47273000 0 5.89660000 1.00000000 0.00000000 -1.89210422 -1.15841121 -2.19974663 1.57000000 0.00000000 0
4 0 5 0.24000000 0.40000000 2.79091000 0 5.91882000 1.00000000 0.00000000 -2.15783887 -1.26847436 -1.85050706 1.57000000 0.00000000 0
4 0 6 0.24000000 0.40000000 3.10909000 0 5.28748000 0.87500000 0.00000000 -2.49831441 -1.10444606 -1.85976223 1.57000000 0.00000000 0
4 0 7 0.24000000 0.40000000 3.42727000 0 4.85509000 0.75000000 0.00000000 -2.79165284 -0.94628702 -1.91860864 1.57000000 0.00000000 0
4 0 8 0.24000000 0.40000000 3.74545000 0 3.82774000 0.50000000 0.00000000 -3.08333088 -0.79793235 -2.07304128 1.57000000 0.00000000 0
4 0 9 0.24000000 0.40000000 4.06364000 0 3.04022000 0.37500000 0.00000000 -3.36791074 -0.78625035 -2.21054113 1.57000000 0.00000000 0
4 0 10 0.24000000 0.40000000 4.38182000 0 2.18185000 0.12500000 0.00000000 -3.48932752 -0.81780860 -2.23612019 1.57000000 0.00000000 0
4 0 11 0.24000000 0.40000000 4.70000000 0 2.25049000 0.12500000 0.00000000 -3.55388892 -1.08366708 -1.45995372 1.57000000 0.00000000 0
4 1 0 0.24000000 0.45000000 1.20000000 0 5.93146000 1.00000000 0.00000000 0.14614079 -1.19202092 -1.98808074 1.57000000 0.00000000 0
4 1 1 0.24000000 0.45000000 1.51818000 0 5.90991000 1.00000000 0.00000000 0.36014898 -1.49059360 -1.44615109 1.57000000 0.00000000 0
4 1 2 0.24000000 0.45000000 1.83636000 0 5.41272000 0.87500000 0.00000000 -1.08942085 1.18952333 -2.24902998 1.57000000 0.00000000 1
4 1 3 0.24000000 0.45000000 2.15455000 0 5.80146000 1.00000000 0.00000000 -1.65306556 -1.37560292 -2.25746074 1.57000000 0.00000000 0
4 1 4 0.24000000 0.45000000 2.47273000 0 5.81431000 1.00000000 0.00000000 -1.87934723 -1.17357031 -2.16191680 1.57000000 0.00000000 0
4 1 5 0.24000000 0.45000000 2.79091000 0 5.42506000 0.87500000 0.00000000 -2.08629391 -1.23954844 -1.96684912 1.57000000 0.00000000 0
4 1 6 0.24000000 0.45000000 3.10909000 0 5.21069000 0.87500000 0.00000000 -2.42861169 -1.16156473 -1.90212737 1.57000000 0.00000000 0
4 1 7 0.24000000 0.45000000 3.42727000 0 4.38518000 0.62500000 0.00000000 -2.68256051 -1.08315243 -1.88176945 1.57000000 0.00000000 0
4 1 8 0.24000000 0.45000000 3.74545000 0 3.78604000 0.50000000 0.00000000 -3.13987812 -0.74670995 -2.15105391 1.57000000 0.00000000 0
4 1 9 0.24000000 0.45000000 4.06364000 0 3.36299000 0.37500000 0.00000000 -3.32185965 -0.77112476 -2.21176976 1.57000000 0.00000000 0
4 1 10 0.24000000 0.45000000 4.38182000 0 2.21131000 0.12500000 0.00000000 -3.35254135 -1.14993859 -1.41673163 1.57000000 0.00000000 0
4 1 11 0.24000000 0.45000000 4.70000000 0 2.27775000 0.12500000 0.00000000 -3.46625771 -1.11283563 -1.46136616 1.57000000 0.00000000 0
4 2 0 0.24000000 0.50000000 1.20000000 0 4.79444000 0.75000000 0.00000000 0.41171210 -1.52014478 -1.41295770 1.57000000 0.00000000 0
4 2 1 0.24000000 0.50000000 1.51818000 0 5.94045000 1.00000000 0.00000000 -0.91458094 1.11306396 -1.27012538 1.57000000 0.00000000 1
4 2 2 0.24000000 0.50000000 1.83636000 0 5.81897000 1.00000000 0.00000000 -1.32360350 1.24245259 -1.12947188 1.57000000 0.00000000 1
4 2 3 0.24000000 0.50000000 2.15455000 0 5.33465000 0.87500000 0.00000000 -1.59743501 -1.44090798 -2.16078191 1.57000000 0.00000000 0
4 2 4 0.24000000 0.50000000 2.47273000 0 5.86419000 1.00000000 0.00000000 -1.83648945 -1.23797709 -2.13521759 1.57000000 0.00000000 0
4 2 5 0.24000000 0.50000000 2.79091000 0 5.84245000 1.00000000 0.00000000 -1.98255328 -1.22646271 -2.07846617 1.57000000 0.00000000 0
4 2 6 0.24000000 0.50000000 3.10909000 0 4.36158000 0.62500000 0.00000000 -2.34664737 -1.16971555 -1.94936291 1.57000000 0.00000000 0
4 2 7 0.24000000 0.50000000 3.42727000 0 3.92831000 0.50000000 0.00000000 -2.58842360 -1.13613398 -1.85409025 1.57000000 0.00000000 0
4 2 8 0.24000000 0.50000000 3.74545000 0 3.42596000 0.37500000 0.00000000 -2.82049141 -1.30619227 -1.33961774 1.57000000 0.00000000 0
4 2 9 0.24000000 0.50000000 4.06364000 0 3.26754000 0.37500000 0.00000000 -3.01320534 -1.28031748 -1.32531930 1.57000000 0.00000000 0
4 2 10 0.24000000 0.50000000 4.38182000 0 2.36535000 0.12500000 0.00000000 -3.18669782 -1.23586095 -1.33301790 1.57000000 0.00000000 0
4 2 11 0.24000000 0.50000000 4.70000000 0 1.80520000 0.00000000 0.00000000 -3.26765891 -1.24998635 -1.32220990 1.57000000 0.00000000 0
4 3 1 0.24000000 0.55000000 1.51818000 0 5.44753000 0.87500000 0.00000000 0.38445168 -1.43029258 -1.40963923 1.57000000 0.00000000 0
4 3 2 0.24000000 0.55000000 1.83636000 0 5.87806000 1.00000000 0.00000000 -1.35210765 1.29947527 -1.11643090 1.57000000 0.00000000 1
4 3 3 0.24000000 0.55000000 2.15455000 0 5.27956000 0.87500000 0.00000000 -1.17187376 0.72560060 -1.65632617 1.57000000 0.00000000 1
4 3 4 0.24000000 0.55000000 2.47273000 0 5.83130000 1.00000000 0.00000000 -1.54793729 -1.38838226 -1.74205372 1.57000000 0.00000000 0
4 3 5 0.24000000 0.55000000 2.79091000 0 5.87363000 1.00000000 0.00000000 -1.90485336 -1.29370246 -2.21627042 1.57000000 0.00000000 0
4 3 6 0.24000000 0.55000000 3.10909000 0 4.35305000 0.62500000 0.00000000 -2.24426293 -1.17705398 -2.26180982 1.57000000 0.00000000 0
4 3 7 0.24000000 0.55000000 3.42727000 0 3.93035000 0.50000000 0.00000000 -2.54025306 -1.07214730 -1.86532165 1.57000000 0.00000000 0
4 3 8 0.24000000 0.55000000 3.74545000 0 3.40945000 0.37500000 0.00000000 -2.65054095 -1.31992089 -1.36955218 1.57000000 0.00000000 0
4 3 9 0.24000000 0.55000000 4.06364000 0 3.35678000 0.37500000 0.00000000 -2.83502082 -1.28314906 -1.31865150 1.57000000 0.00000000 0
4 3 10 0.24000000 0.55000000 4.38182000 0 2.32425000 0.12500000 0.00000000 -3.06074308 -1.27593930 -1.27554377 1.57000000 0.00000000 0
4 3 11 0.24000000 0.55000000 4.70000000 0 1.85834000 0.00000000 0.00000000 -3.17006444 -1.29467869 -1.26680725 1.57000000 0.00000000 0
4 4 2 0.24000000 0.60000000 1.83636000 0 5.41730000 0.87500000 0.00000000 0.03471104 -1.12468251 -1.69858836 1.57000000 0.00000000 0
4 4 3 0.24000000 0.60000000 2.15455000 0 4.75621000 0.75000000 0.00000000 -1.20925362 0.70218489 -1.68816241 1.57000000 0.00000000 1
4 4 4 0.24000000 0.60000000 2.47273000 0 5.34053000 0.87500000 0.00000000 -1.57540459 -1.34718366 -1.74240451 1.57000000 0.00000000 0
4 4 5 0.24000000 0.60000000 2.79091000 0 5.40444000 0.87500000 0.00000000 -1.87292738 -1.33035606 -2.27016130 1.57000000 0.00000000 0
4 4 6 0.24000000 0.60000000 3.10909000 0 3.89457000 0.50000000 0.00000000 -2.16979655 -1.18018987 -2.29711945 1.57000000 0.00000000 0
4 4 7 0.24000000 0.60000000 3.42727000 0 3.42690000 0.37500000 0.00000000 -2.54740238 -0.99578095 -1.89849034 1.57000000 0.00000000 0
4 4 8 0.24000000 0.60000000 3.74545000 0 3.41764000 0.37500000 0.00000000 -2.59176491 -1.32993208 -1.33368434 1.57000000 0.00000000 0
4 4 9 0.24000000 0.60000000 4.06364000 0 2.79416000 0.25000000 0.00000000 -2.71358622 -1.28321219 -1.28992162 1.57000000 0.00000000 0
4 4 10 0.24000000 0.60000000 4.38182000 0 2.35035000 0.12500000 0.00000000 -2.98585000 -1.25799813 -1.26303093 1.57000000 0.00000000 0
4 4 11 0.24000000 0.60000000 4.70000000 0 1.84042000 0.00000000 0.00000000 -3.15300453 -1.27878991 -1.24344429 1.57000000 0.00000000 0
5 0 0 0.30000000 0.40000000 1.20000000 0 5.42480000 0.87500000 0.00000000 0.15114689 -1.48529961 -1.97781336 1.57000000 0.00000000 0
5 0 1 0.30000000 0.40000000 1.51818000 0 5.74720000 1.00000000 0.00000000 -0.25842490 -1.29695213 -2.02387836 1.57000000 0.00000000 0
5 0 2 0.30000000 0.40000000 1.83636000 0 5.33230000 0.87500000 0.00000000 -1.33309259 1.34798017 -2.36849696 1.57000000 0.00000000 1
5 0 3 0.30000000 0.40000000 2.15455000 0 5.82556000 1.00000000 0.00000000 -1.79169443 -1.06800655 -2.22782152 1.57000000 0.00000000 0
5 0 4 0.30000000 0.40000000 2.47273000 0 5.88735000 1.00000000 0.00000000 -1.84725175 -1.05020104 -2.23001165 1.57000000 0.00000000 0
5 0 5 0.30000000 0.40000000 2.79091000 0 5.84006000 1.00000000 0.00000000 -2.09182797 -1.35810127 -1.81225058 1.57000000 0.00000000 0
5 0 6 0.30000000 0.40000000 3.10909000 0 4.86093000 0.75000000 0.00000000 -2.40340567 -1.12265551 -1.73377516 1.57000000 0.00000000 0
5 0 7 0.30000000 0.40000000 3.42727000 0 3.87522000 0.50000000 0.00000000 -2.95388453 -0.66183369 -1.91681303 1.57000000 0.00000000 0
5 0 8 0.30000000 0.40000000 3.74545000 0 3.33613000 0.37500000 0.00000000 -3.16271248 -0.78560613 -2.05066468 1.57000000 0.00000000 0
5 0 9 0.30000000 0.40000000 4.06364000 0 2.25821000 0.12500000 0.00000000 -3.35286295 -0.83475043 -2.16614356 1.57000000 0.00000000 0
5 0 10 0.30000000 0.40000000 4.38182000 0 2.18136000 0.12500000 0.00000000 -3.49199478 -0.80113139 -2.19454908 1.57000000 0.00000000 0
5 0 11 0.30000000 0.40000000 4.70000000 0 1.64779000 0.00000000 0.00000000 -3.58109578 -1.06014372 -1.46534042 1.57000000 0.00000000 0
5 1 0 0.30000000 0.45000000 1.20000000 0 4.72866000 0.75000000 0.00000000 0.06308061 -1.17645287 -1.99738650 1.57000000 0.00000000 0
5 1 1 0.30000000 0.45000000 1.51818000 0 5.93327000 1.00000000 0.00000000 -0.18796780 -1.08186408 -2.05377379 1.57000000 0.00000000 0
5 1 2 0.30000000 0.45000000 1.83636000 0 5.36890000 0.87500000 0.00000000 -1.47848770 -1.25258034 -2.10887477 1.57000000 0.00000000 0
5 1 3 0.30000000 0.45000000 2.15455000 0 5.82481000 1.00000000 0.00000000 -1.79131318 -1.06806180 -2.22720462 1.57000000 0.00000000 0
5 1 4 0.30000000 0.45000000 2.47273000 0 5.84102000 1.00000000 0.00000000 -1.83785053 -1.07654831 -2.20053175 1.57000000 0.00000000 0
5 1 5 0.30000000 0.45000000 2.79091000 0 5.04794000 0.87500000 0.00000000 -1.94520702 -1.09676782 -2.14700929 1.57000000 0.00000000 0
5 1 6 0.30000000 0.45000000 3.10909000 0 3.90000000 0.50000000 0.00000000 -2.40873182 -1.06752195 -1.84919716 1.57000000 0.00000000 0
5 1 7 0.30000000 0.45000000 3.42727000 0 3.39225000 0.37500000 0.00000000 -2.82453314 -0.82298322 -1.89698628 1.57000000 0.00000000 0
5 1 8 0.30000000 0.45000000 3.74545000 0 3.36664000 0.37500000 0.00000000 -3.19532102 -0.75809702 -2.12756436 1.57000000 0.00000000 0
5 1 9 0.30000000 0.45000000 4.06364000 0 2.36007000 0.12500000 0.00000000 -3.14597284 -1.24339242 -1.27028793 1.57000000 0.00000000 0
5 1 10 0.30000000 0.45000000 4.38182000 0 1.77154000 0.00000000 0.00000000 -3.34423774 -1.17505873 -1.31733077 1.57000000 0.00000000 0
5 1 11 0.30000000 0.45000000 4.70000000 0 1.78213000 0.00000000 0.00000000 -3.48309618 -1.12971157 -1.42972260 1.57000000 0.00000000 0
5 2 0 0.30000000 0.50000000 1.20000000 0 4.44788000 0.62500000 0.00000000 -0.01327435 -1.05997185 -2.07162018 1.57000000 0.00000000 0
5 2 1 0.30000000 0.50000000 1.51818000 0 5.39115000 0.87500000 0.00000000 -0.03898940 -1.02339595 -2.09074793 1.57000000 0.00000000 0
5 2 2 0.30000000 0.50000000 1.83636000 0 5.36553000 0.87500000 0.00000000 -0.31846955 -0.82263422 -2.15603774 1.57000000 0.00000000 0
5 2 3 0.30000000 0.50000000 2.15455000 0 5.81104000 1.00000000 0.00000000 -1.58996173 -1.25265086 -2.14465790 1.57000000 0.00000000 0
5 2 4 0.30000000 0.50000000 2.47273000 0 5.85446000 1.00000000 0.00000000 -1.80725143 -1.18380615 -2.14316150 1.57000000 0.00000000 0
5 2 5 0.30000000 0.50000000 2.79091000 0 4.84800000 0.75000000 0.00000000 -1.93731671 -1.16559444 -2.10953479 1.57000000 0.00000000 0
5 2 6 0.30000000 0.50000000 3.10909000 0 3.93452000 0.50000000 0.00000000 -2.35298224 -1.04038969 -1.88644341 1.57000000 0.00000000 0
5 2 7 0.30000000 0.50000000 3.42727000 0 3.43560000 0.37500000 0.00000000 -2.59820077 -1.00074004 -1.84931862 1.57000000 0.00000000 0
5 2 8 0.30000000 0.50000000 3.74545000 0 3.29062000 0.37500000 0.00000000 -3.18695914 -0.73375566 -2.18494916 1.57000000 0.00000000 0
5 2 9 0.30000000 0.50000000 4.06364000 0 2.40693000 0.12500000 0.00000000 -3.30503714 -0.76476867 -2.17970036 1.57000000 0.00000000 0
5 2 10 0.30000000 0.50000000 4.38182000 0 1.87595000 0.00000000 0.00000000 -3.17190225 -1.24685625 -1.31794369 1.57000000 0.00000000 0
5 2 11 0.30000000 0.50000000 4.70000000 0 1.76843000 0.00000000 0.00000000 -3.26584361 -1.27044779 -1.32845548 1.57000000 0.00000000 0
5 3 0 0.30000000 0.55000000 1.20000000 0 3.44638000 0.37500000 0.00000000 -0.87195630 1.39137733 -1.85045891 1.57000000 0.00000000 1
5 3 1 0.30000000 0.55000000 1.51818000 0 4.94129000 0.75000000 0.00000000 -1.20009628 1.33172802 -1.09747107 1.57000000 0.00000000 1
5 3 2 0.30000000 0.55000000 1.83636000 0 4.90530000 0.75000000 0.00000000 -1.13338925 0.93713352 -1.74704248 1.57000000 0.00000000 1
5 3 3 0.30000000 0.55000000 2.15455000 0 4.77541000 0.75000000 0.00000000 -1.57624022 1.11081562 -1.20109053 1.57000000 0.00000000 1
5 3 4 0.30000000 0.55000000 2.47273000 0 4.86944000 0.75000000 0.00000000 -1.80595597 -1.24111944 -2.13866944 1.57000000 0.00000000 0
5 3 5 0.30000000 0.55000000 2.79091000 0 3.87769000 0.50000000 0.00000000 -1.92074034 -1.19612509 -2.12673089 1.57000000 0.00000000 0
5 3 6 0.30000000 0.55000000 3.10909000 0 3.85292000 0.50000000 0.00000000 -2.27254729 -1.01466130 -1.89837137 1.57000000 0.00000000 0
5 3 7 0.30000000 0.55000000 3.42727000 0 3.34480000 0.37500000 0.00000000 -2.54200536 -0.97612106 -1.85184064 1.57000000 0.00000000 0
5 3 8 0.30000000 0.55000000 3.74545000 0 2.92308000 0.25000000 0.00000000 -2.68659381 -1.24201997 -1.41686421 1.57000000 0.00000000 0
5 3 9 0.30000000 0.55000000 4.06364000 0 2.39851000 0.12500000 0.00000000 -2.87111597 -1.24016912 -1.37270499 1.57000000 0.00000000 0
5 3 10 0.30000000 0.55000000 4.38182000 0 1.90010000 0.00000000 0.00000000 -3.05792888 -1.30935577 -1.32209325 1.57000000 0.00000000 0
5 3 11 0.30000000 0.55000000 4.70000000 0 1.81070000 0.00000000 0.00000000 -3.15260062 -1.36163465 -1.30770199 1.57000000 0.00000000 0
5 4 0 0.30000000 0.60000000 1.20000000 0 3.39693000 0.37500000 0.00000000 0.42134212 -1.33474272 -1.44035301 1.57000000 0.00000000 0
5 4 1 0.30000000 0.60000000 1.51818000 0 3.94094000 0.50000000 0.00000000 0.31268279 -1.31885491 -1.40231466 1.57000000 0.00000000 0
5 4 2 0.30000000 0.60000000 1.83636000 0 4.89816000 0.75000000 0.00000000 -0.17098426 -0.89599103 -1.63812782 1.57000000 0.00000000 0
5 4 3 0.30000000 0.60000000 2.15455000 0 4.22848000 0.62500000 0.00000000 -1.48663347 -0.96957595 -2.36274290 1.57000000 0.00000000 0
5 4 4 0.30000000 0.60000000 2.47273000 0 4.84263000 0.75000000 0.00000000 -1.57916473 -1.31715242 -1.74135889 1.57000000 0.00000000 0
5 4 5 0.30000000 0.60000000 2.79091000 0 3.39680000 0.37500000 0.00000000 -1.88214764 -1.23951989 -2.19540386 1.57000000 0.00000000 0
5 4 6 0.30000000 0.60000000 3.10909000 0 3.38661000 0.37500000 0.00000000 -2.13340300 -1.03271495 -2.01099772 1.57000000 0.00000000 0
5 4 7 0.30000000 0.60000000 3.42727000 0 3.40465000 0.37500000 0.00000000 -2.53683592 -0.90678454 -1.90452893 1.57000000 0.00000000 0
5 4 8 0.30000000 0.60000000 3.74545000 0 2.89911000 0.25000000 0.00000000 -2.65437699 -1.28164942 -1.36742734 1.57000000 0.00000000 0
5 4 9 0.30000000 0.60000000 4.06364000 0 1.92327000 0.00000000 0.00000000 -2.75981266 -1.30102632 -1.33812110 1.57000000 0.00000000 0
5 4 10 0.30000000 0.60000000 4.38182000 0 1.88668000 0.00000000 0.00000000 -2.95018623 -1.38016814 -1.32181581 1.57000000 0.00000000 0
5 4 11 0.30000000 0.60000000 4.70000000 0 1.84352000 0.00000000 0.00000000 -3.09880960 -1.41944181 -1.30449909 1.57000000 0.00000000 0
