# iy iz iroll Y Z Roll candidate quality q0 q1 q2 q3 q4 q5
0 0 0 -0.75 0.4 1.2 0 5.1072 1 0 0.0343684 0.702947 -1.02867 0 0
0 0 0 -0.75 0.4 1.2 1 5.08297 1 0 -0.180849 1.03111 -2.06584 0 0
0 0 0 -0.75 0.4 1.2 2 5.08118 1 0 -0.234446 0.966484 -2.2966 0 0
0 0 0 -0.75 0.4 1.2 3 5.07733 1 0 0.258593 0.333204 -2.67152 0 0
0 0 0 -0.75 0.4 1.2 4 5.07719 1 0 0.207572 -0.386011 -2.75992 0 0
0 0 0 -0.75 0.4 1.2 5 5.07137 1 0 -0.654772 1.45644 -1.42226 0 0
0 0 0 -0.75 0.4 1.2 6 5.06585 1 0 -0.345371 1.3806 -2.11696 0 0
0 0 0 -0.75 0.4 1.2 7 5.05485 1 0 0.597982 -0.541456 -2.18784 0 0
0 0 0 -0.75 0.4 1.2 8 5.05078 1 0 0.0918126 -1.31003 -2.87421 0 0
0 0 0 -0.75 0.4 1.2 9 5.04715 1 0 0.240944 -1.35274 -2.63468 0 0
0 0 1 -0.75 0.4 1.51818 0 5.11419 1 0 0.0364445 0.0125114 -1.24448 0 0
0 0 1 -0.75 0.4 1.51818 1 5.10866 1 0 -0.0123201 -0.0323061 -1.72613 0 0
0 0 1 -0.75 0.4 1.51818 2 5.1011 1 0 -0.495199 0.797281 -1.32453 0 0
0 0 1 -0.75 0.4 1.51818 3 5.09573 1 0 0.0433587 -0.208336 -2.34488 0 0
0 0 1 -0.75 0.4 1.51818 4 5.09178 1 0 -0.233422 0.470991 -2.42373 0 0
0 0 1 -0.75 0.4 1.51818 5 5.08807 1 0 -0.508938 1.12624 -1.41114 0 0
0 0 1 -0.75 0.4 1.51818 6 5.08799 1 0 0.192814 -0.344226 -2.33906 0 0
0 0 1 -0.75 0.4 1.51818 7 5.08292 1 0 -0.267613 0.615221 -2.68546 0 0
0 0 1 -0.75 0.4 1.51818 8 5.08037 1 0 0.342393 -0.450307 -2.21219 0 0
0 0 1 -0.75 0.4 1.51818 9 5.0664 1 0 -0.551931 1.32431 -2.18808 0 0
0 0 2 -0.75 0.4 1.83636 0 4.61037 0.875 0 -0.4177 0.252958 -1.47842 0 0
0 0 2 -0.75 0.4 1.83636 1 4.59815 0.875 0 0.0995037 -0.68269 -1.6561 0 0
0 0 2 -0.75 0.4 1.83636 2 4.59296 0.875 0 -0.634628 0.839713 -1.77487 0 0
0 0 2 -0.75 0.4 1.83636 3 4.59274 0.875 0 -0.104046 -0.589494 -2.2827 0 0
0 0 2 -0.75 0.4 1.83636 4 4.59237 0.875 0 0.0852956 -0.846815 -1.77171 0 0
0 0 2 -0.75 0.4 1.83636 5 4.59083 0.875 0 -0.595007 0.75864 -2.0567 0 0
0 0 2 -0.75 0.4 1.83636 6 4.59014 0.875 0 -0.242994 -0.263573 -2.62466 0 0
0 0 2 -0.75 0.4 1.83636 7 4.58868 0.875 0 -0.4266 -0.217105 -2.67402 0 0
0 0 2 -0.75 0.4 1.83636 8 4.58506 0.875 0 -0.762394 0.863824 -2.13224 0 0
0 0 2 -0.75 0.4 1.83636 9 4.58216 0.875 0 -0.0599957 -0.530974 -2.80528 0 0
0 0 3 -0.75 0.4 2.15455 0 4.11398 0.75 0 -0.740183 -0.041831 -1.07623 0 0
0 0 3 -0.75 0.4 2.15455 1 4.10857 0.75 0 -0.961845 0.363088 -1.20769 0 0
0 0 3 -0.75 0.4 2.15455 2 4.10643 0.75 0 -0.693686 0.28543 -1.59678 0 0
0 0 3 -0.75 0.4 2.15455 3 4.10634 0.75 0 -0.48246 -0.50947 -1.47864 0 0
0 0 3 -0.75 0.4 2.15455 4 4.09824 0.75 0 -0.9766 0.556979 -1.73454 0 0
0 0 3 -0.75 0.4 2.15455 5 4.0951 0.75 0 -1.19538 0.836983 -1.23449 0 0
0 0 3 -0.75 0.4 2.15455 6 4.09382 0.75 0 -1.11517 0.78322 -1.55487 0 0
0 0 3 -0.75 0.4 2.15455 7 4.09085 0.75 0 -1.00025 0.76396 -1.8596 0 0
0 0 3 -0.75 0.4 2.15455 8 4.09072 0.75 0 -0.975354 0.78373 -1.85198 0 0
0 0 3 -0.75 0.4 2.15455 9 4.08919 0.75 0 -0.324125 -0.847139 -2.06703 0 0
0 0 4 -0.75 0.4 2.47273 0 5.10899 1 0 -0.899167 -0.449521 -1.06184 0 0
0 0 4 -0.75 0.4 2.47273 1 5.09916 1 0 -0.913727 -0.252403 -1.98135 0 0
0 0 4 -0.75 0.4 2.47273 2 5.09766 1 0 -1.12758 0.202372 -1.98359 0 0
0 0 4 -0.75 0.4 2.47273 3 5.09147 1 0 -0.854493 -0.0822977 -2.44789 0 0
0 0 4 -0.75 0.4 2.47273 4 5.09049 1 0 -1.25838 0.454819 -2.11839 0 0
0 0 4 -0.75 0.4 2.47273 5 5.087 1 0 -0.790972 -0.693925 -2.27719 0 0
0 0 4 -0.75 0.4 2.47273 6 5.08552 1 0 -1.52569 1.02753 -1.14126 0 0
0 0 4 -0.75 0.4 2.47273 7 5.0824 1 0 -1.27387 0.462612 -2.50313 0 0
0 0 4 -0.75 0.4 2.47273 8 5.08236 1 0 -0.655165 -0.979287 -2.10361 0 0
0 0 4 -0.75 0.4 2.47273 9 5.08112 1 0 -0.85246 -0.520243 -2.68805 0 0
0 0 5 -0.75 0.4 2.79091 0 5.09261 1 0 -1.65689 0.38242 -1.77068 0 0
0 0 5 -0.75 0.4 2.79091 1 5.07777 1 0 -1.2455 -0.619437 -2.57388 0 0
0 0 5 -0.75 0.4 2.79091 2 5.07661 1 0 -1.64486 0.579221 -2.44712 0 0
0 0 5 -0.75 0.4 2.79091 3 5.07381 1 0 -1.7372 0.777676 -2.25412 0 0
0 0 5 -0.75 0.4 2.79091 4 5.07008 1 0 -1.46621 -0.833345 -2.55106 0 0
0 0 5 -0.75 0.4 2.79091 5 5.06719 1 0 -2.00336 1.1459 -1.65036 0 0
0 0 5 -0.75 0.4 2.79091 6 5.06119 1 0 -2.26151 1.2498 -1.36236 0 0
0 0 5 -0.75 0.4 2.79091 7 5.05574 1 0 -1.31969 -1.20247 -2.64664 0 0
0 0 5 -0.75 0.4 2.79091 8 5.04513 1 0 -1.53834 -1.3202 -2.7337 0 0
0 0 5 -0.75 0.4 2.79091 9 5.0447 1 0 -2.13984 1.22234 -2.54314 0 0
0 0 6 -0.75 0.4 3.10909 0 5.08883 1 0 -1.79224 0.271064 -1.95203 0 0
0 0 6 -0.75 0.4 3.10909 1 5.07793 1 0 -1.59102 -0.782573 -2.15265 0 0
0 0 6 -0.75 0.4 3.10909 2 5.06748 1 0 -2.34519 1.09548 -1.3019 0 0
0 0 6 -0.75 0.4 3.10909 3 5.03544 1 0 -2.53631 -1.2681 -2.5128 0 0
0 0 6 -0.75 0.4 3.10909 4 5.03116 1 0 -1.78314 -1.41617 -2.95367 0 0
0 0 6 -0.75 0.4 3.10909 5 5.0107 1 0 -2.72568 -1.52822 -2.80693 0 0
0 0 6 -0.75 0.4 3.10909 6 5.00291 1 0 -2.88811 -1.97692 -1.47136 0 0
0 0 6 -0.75 0.4 3.10909 7 4.99157 1 0 -2.87556 -1.98125 -2.17367 0 0
0 0 6 -0.75 0.4 3.10909 8 4.98746 1 0 -2.22232 -2.01113 -2.88234 0 0
0 0 6 -0.75 0.4 3.10909 9 4.59423 0.875 0 -1.85144 0.0243382 -1.64355 0 0
0 0 7 -0.75 0.4 3.42727 0 5.08062 1 0 -2.36945 0.333942 -1.78614 0 0
0 0 7 -0.75 0.4 3.42727 1 5.026 1 0 -3.06645 -1.14191 -2.61938 0 0
0 0 7 -0.75 0.4 3.42727 2 4.55486 0.875 0 -1.98242 -1.40319 -1.68009 0 0
0 0 7 -0.75 0.4 3.42727 3 4.53454 0.875 0 -2.04032 -1.4154 -2.65019 0 0
0 0 7 -0.75 0.4 3.42727 4 4.52428 0.875 0 -2.92523 -1.63793 -1.49738 0 0
0 0 7 -0.75 0.4 3.42727 5 4.50378 0.875 0 -3.31004 -1.22448 -2.8318 0 0
0 0 7 -0.75 0.4 3.42727 6 4.4906 0.875 0 -2.37268 -2.13658 -2.18451 0 0
0 0 7 -0.75 0.4 3.42727 7 4.07839 0.75 0 -2.27155 0.0217755 -2.12198 0 0
0 0 7 -0.75 0.4 3.42727 8 4.07433 0.75 0 -2.4147 0.634364 -1.76597 0 0
0 0 7 -0.75 0.4 3.42727 9 4.06184 0.75 0 -2.4469 0.691053 -2.33264 0 0
0 0 8 -0.75 0.4 3.74545 0 4.04363 0.75 0 -2.48729 -1.49186 -1.44484 0 0
0 0 8 -0.75 0.4 3.74545 1 4.0414 0.75 0 -3.27087 1.07104 -1.29947 0 0
0 0 8 -0.75 0.4 3.74545 2 4.03287 0.75 0 -3.12278 -1.23323 -1.99033 0 0
0 0 8 -0.75 0.4 3.74545 3 4.03105 0.75 0 -2.9813 -1.4022 -1.83807 0 0
0 0 8 -0.75 0.4 3.74545 4 4.03032 0.75 0 -3.16642 -1.10784 -2.31224 0 0
0 0 8 -0.75 0.4 3.74545 5 4.0293 0.75 0 -2.89394 -1.17283 -2.61078 0 0
0 0 8 -0.75 0.4 3.74545 6 4.02194 0.75 0 -3.1972 1.0413 -2.73712 0 0
0 0 8 -0.75 0.4 3.74545 7 4.01558 0.75 0 -2.45149 -0.125212 -2.45291 0 0
0 0 8 -0.75 0.4 3.74545 8 4.01382 0.75 0 -2.9735 -1.37491 -2.75986 0 0
0 0 8 -0.75 0.4 3.74545 9 3.99759 0.75 0 -2.65473 -1.91847 -2.3518 0 0
0 0 9 -0.75 0.4 4.06364 0 4.54576 0.875 0 -3.03385 -0.201226 -2.81223 0 0
0 0 9 -0.75 0.4 4.06364 1 4.03748 0.75 0 -3.00465 -1.29717 -1.7378 0 0
0 0 9 -0.75 0.4 4.06364 2 4.02974 0.75 0 -3.23843 0.47492 -2.95691 0 0
0 0 9 -0.75 0.4 4.06364 3 4.02428 0.75 0 -3.13861 -1.12394 -2.61488 0 0
0 0 9 -0.75 0.4 4.06364 4 4.00546 0.75 0 -3.57425 1.29413 -1.21194 0 0
0 0 9 -0.75 0.4 4.06364 5 4.00005 0.75 0 -3.44942 1.03509 -2.84163 0 0
0 0 9 -0.75 0.4 4.06364 6 3.97772 0.75 0 -3.76763 -0.986334 -2.16805 0 0
0 0 9 -0.75 0.4 4.06364 7 3.57795 0.625 0 -2.93452 0.267383 -1.01685 0 0
0 0 9 -0.75 0.4 4.06364 8 3.56651 0.625 0 -3.02718 0.281922 -1.76005 0 0
0 0 9 -0.75 0.4 4.06364 9 3.56143 0.625 0 -2.95851 0.179958 -2.17723 0 0
0 0 10 -0.75 0.4 4.38182 0 3.96716 0.75 0 -3.54506 -1.98572 -1.14045 0 0
0 0 10 -0.75 0.4 4.38182 1 3.53291 0.625 0 -3.36888 -0.159882 -2.57056 0 0
0 0 10 -0.75 0.4 4.38182 2 3.53241 0.625 0 -3.26294 -0.0897479 -2.93962 0 0
0 0 10 -0.75 0.4 4.38182 3 3.49222 0.625 0 -3.6325 -0.700348 -2.80803 0 0
0 0 10 -0.75 0.4 4.38182 4 3.02896 0.5 0 -3.59591 0.544907 -1.1825 0 0
0 0 10 -0.75 0.4 4.38182 5 3.02296 0.5 0 -3.29059 -0.6438 -2.9307 0 0
0 0 10 -0.75 0.4 4.38182 6 2.97808 0.5 0 -3.73972 0.794826 -2.66518 0 0
0 0 10 -0.75 0.4 4.38182 7 2.9688 0.5 0 -3.39751 -1.72045 -2.86592 0 0
0 0 10 -0.75 0.4 4.38182 8 2.96198 0.5 0 -3.34953 -2.01254 -2.4487 0 0
0 0 10 -0.75 0.4 4.38182 9 2.96156 0.5 0 -3.61752 -1.95238 -1.12165 0 0
0 0 11 -0.75 0.4 4.7 0 2.97324 0.5 0 -3.66106 -1.58185 -1.70114 0 0
0 0 11 -0.75 0.4 4.7 1 2.51162 0.375 0 -3.58012 -0.743371 -2.15556 0 0
0 0 11 -0.75 0.4 4.7 2 2.49772 0.375 0 -3.57913 -1.31097 -1.70554 0 0
0 0 11 -0.75 0.4 4.7 3 2.46203 0.375 0 -3.43157 -2.03886 -2.01204 0 0
0 0 11 -0.75 0.4 4.7 4 2.01929 0.25 0 -3.4261 -1.17991 -1.6898 0 0
0 0 11 -0.75 0.4 4.7 5 2.01302 0.25 0 -3.73259 0.420685 -1.17863 0 0
0 0 11 -0.75 0.4 4.7 6 2.00323 0.25 0 -3.69311 -0.323316 -2.28736 0 0
0 0 11 -0.75 0.4 4.7 7 1.98672 0.25 0 -3.44876 -1.84612 -1.12944 0 0
0 0 11 -0.75 0.4 4.7 8 1.97993 0.25 0 -3.57237 -1.61921 -1.8159 0 0
0 0 11 -0.75 0.4 4.7 9 1.97833 0.25 0 -3.63953 -1.47557 -1.93135 0 0
0 1 0 -0.75 0.45 1.2 0 5.08056 1 0 0.507336 -0.294331 -1.49148 0 0
0 1 0 -0.75 0.45 1.2 1 5.06888 1 0 0.415863 -0.573509 -2.39077 0 0
0 1 0 -0.75 0.45 1.2 2 5.01988 1 0 0.303987 -1.77834 -2.58267 0 0
0 1 0 -0.75 0.45 1.2 3 5.01746 1 0 -0.341488 -1.9678 -2.67434 0 0
0 1 0 -0.75 0.45 1.2 4 5.00435 1 0 0.694745 -1.46074 -2.26504 0 0
0 1 0 -0.75 0.45 1.2 5 5.00202 1 0 0.796464 -0.628179 -1.63201 0 0
0 1 0 -0.75 0.45 1.2 6 4.60759 0.875 0 0.11434 0.315493 -1.41252 0 0
0 1 0 -0.75 0.45 1.2 7 4.60477 0.875 0 0.265946 0.151688 -1.10411 0 0
0 1 0 -0.75 0.45 1.2 8 4.59917 0.875 0 0.128762 0.417182 -1.85099 0 0
0 1 0 -0.75 0.45 1.2 9 4.58375 0.875 0 0.0738695 0.850575 -2.27334 0 0
0 1 1 -0.75 0.45 1.51818 0 5.09026 1 0 0.188631 -0.11717 -2.33379 0 0
0 1 1 -0.75 0.45 1.51818 1 5.08762 1 0 -0.679553 1.10181 -1.44576 0 0
0 1 1 -0.75 0.45 1.51818 2 5.0804 1 0 -0.190907 0.696946 -2.69842 0 0
0 1 1 -0.75 0.45 1.51818 3 5.07486 1 0 -0.462241 0.851729 -2.71588 0 0
0 1 1 -0.75 0.45 1.51818 4 5.06443 1 0 -0.842259 1.6137 -1.10607 0 0
0 1 1 -0.75 0.45 1.51818 5 5.04174 1 0 0.294119 -1.22522 -2.97581 0 0
0 1 1 -0.75 0.45 1.51818 6 5.04102 1 0 -0.855961 1.56977 -2.65398 0 0
0 1 1 -0.75 0.45 1.51818 7 5.03819 1 0 -0.807196 -1.85398 -1.93545 0 0
0 1 1 -0.75 0.45 1.51818 8 5.02664 1 0 0.257249 -1.78797 -2.37139 0 0
0 1 1 -0.75 0.45 1.51818 9 5.02629 1 0 -0.358697 -1.87976 -2.557 0 0
0 1 2 -0.75 0.45 1.83636 0 4.61271 0.875 0 -0.359797 -0.0654761 -1.36635 0 0
0 1 2 -0.75 0.45 1.83636 1 4.61063 0.875 0 -0.386717 0.296066 -1.42036 0 0
0 1 2 -0.75 0.45 1.83636 2 4.6045 0.875 0 -0.61056 0.607517 -1.41284 0 0
0 1 2 -0.75 0.45 1.83636 3 4.60444 0.875 0 -0.0219243 -0.446376 -1.76705 0 0
0 1 2 -0.75 0.45 1.83636 4 4.59813 0.875 0 -0.654895 0.733755 -1.62313 0 0
0 1 2 -0.75 0.45 1.83636 5 4.59649 0.875 0 -0.769611 0.956804 -1.11839 0 0
0 1 2 -0.75 0.45 1.83636 6 4.59468 0.875 0 -0.683453 0.940705 -1.36545 0 0
0 1 2 -0.75 0.45 1.83636 7 4.59371 0.875 0 -0.833942 0.861016 -1.57199 0 0
0 1 2 -0.75 0.45 1.83636 8 4.58982 0.875 0 -0.316957 0.254773 -2.62556 0 0
0 1 2 -0.75 0.45 1.83636 9 4.58722 0.875 0 0.0682339 -0.787068 -2.20423 0 0
0 1 3 -0.75 0.45 2.15455 0 4.11119 0.75 0 -0.83727 0.385594 -1.00356 0 0
0 1 3 -0.75 0.45 2.15455 1 4.11093 0.75 0 -0.65159 -0.120203 -1.39928 0 0
0 1 3 -0.75 0.45 2.15455 2 4.10904 0.75 0 -0.452746 -0.605833 -1.08792 0 0
0 1 3 -0.75 0.45 2.15455 3 4.10687 0.75 0 -0.559349 -0.252591 -1.6615 0 0
0 1 3 -0.75 0.45 2.15455 4 4.10679 0.75 0 -0.536325 -0.27186 -1.64766 0 0
0 1 3 -0.75 0.45 2.15455 5 4.1065 0.75 0 -0.931227 0.449249 -1.29513 0 0
0 1 3 -0.75 0.45 2.15455 6 4.09886 0.75 0 -0.590554 -0.0365086 -2.19825 0 0
0 1 3 -0.75 0.45 2.15455 7 4.09723 0.75 0 -0.665377 -0.0494618 -2.24952 0 0
0 1 3 -0.75 0.45 2.15455 8 4.0959 0.75 0 -0.853091 0.269843 -2.17216 0 0
0 1 3 -0.75 0.45 2.15455 9 4.09572 0.75 0 -0.876129 0.381294 -2.08908 0 0
0 1 4 -0.75 0.45 2.47273 0 5.1107 1 0 -0.977487 -0.256732 -1.10477 0 0
0 1 4 -0.75 0.45 2.47273 1 5.10406 1 0 -1.36764 0.462076 -1.04688 0 0
0 1 4 -0.75 0.45 2.47273 2 5.10266 1 0 -0.669484 -0.797733 -1.07578 0 0
0 1 4 -0.75 0.45 2.47273 3 5.10037 1 0 -0.957924 0.0820739 -1.96044 0 0
0 1 4 -0.75 0.45 2.47273 4 5.10002 1 0 -0.943129 0.103554 -1.982 0 0
0 1 4 -0.75 0.45 2.47273 5 5.09975 1 0 -1.12445 0.314418 -1.79606 0 0
0 1 4 -0.75 0.45 2.47273 6 5.09619 1 0 -1.12958 0.203194 -2.06388 0 0
0 1 4 -0.75 0.45 2.47273 7 5.08962 1 0 -0.913388 -0.451281 -2.34332 0 0
0 1 4 -0.75 0.45 2.47273 8 5.0886 1 0 -0.93334 -0.598535 -2.24906 0 0
0 1 4 -0.75 0.45 2.47273 9 5.08424 1 0 -1.3315 0.676789 -2.16457 0 0
0 1 5 -0.75 0.45 2.79091 0 5.1029 1 0 -1.29658 -0.172653 -1.54051 0 0
0 1 5 -0.75 0.45 2.79091 1 5.09692 1 0 -1.36498 0.119908 -1.88624 0 0
0 1 5 -0.75 0.45 2.79091 2 5.09205 1 0 -1.34717 0.0638389 -2.18519 0 0
0 1 5 -0.75 0.45 2.79091 3 5.08854 1 0 -1.40831 0.0937799 -2.30345 0 0
0 1 5 -0.75 0.45 2.79091 4 5.08105 1 0 -1.58078 0.614668 -2.21901 0 0
0 1 5 -0.75 0.45 2.79091 5 5.07935 1 0 -1.3458 -0.0021904 -2.76822 0 0
0 1 5 -0.75 0.45 2.79091 6 5.07873 1 0 -1.16705 -0.81347 -2.34343 0 0
0 1 5 -0.75 0.45 2.79091 7 5.07383 1 0 -1.21876 -0.340693 -2.94478 0 0
0 1 5 -0.75 0.45 2.79091 8 5.07163 1 0 -1.41651 -0.704054 -2.65892 0 0
0 1 5 -0.75 0.45 2.79091 9 5.07011 1 0 -1.6425 0.562805 -2.74591 0 0
0 1 6 -0.75 0.45 3.10909 0 5.07292 1 0 -1.69565 -0.130738 -2.82302 0 0
0 1 6 -0.75 0.45 3.10909 1 5.03447 1 0 -2.59675 -1.66226 -1.1393 0 0
0 1 6 -0.75 0.45 3.10909 2 5.02635 1 0 -2.94426 -1.17141 -2.67144 0 0
0 1 6 -0.75 0.45 3.10909 3 5.02495 1 0 -1.7006 -1.84191 -2.14176 0 0
0 1 6 -0.75 0.45 3.10909 4 5.02072 1 0 -1.5097 -2.07925 -1.50323 0 0
0 1 6 -0.75 0.45 3.10909 5 5.01642 1 0 -2.27627 -1.86956 -1.9468 0 0
0 1 6 -0.75 0.45 3.10909 6 5.01232 1 0 -3.22903 -1.3288 -2.52173 0 0
0 1 6 -0.75 0.45 3.10909 7 4.99416 1 0 -3.07474 -1.61064 -2.92685 0 0
0 1 6 -0.75 0.45 3.10909 8 4.98482 1 0 -2.88752 -2.17815 -1.65441 0 0
0 1 6 -0.75 0.45 3.10909 9 4.54494 0.875 0 -1.81636 -1.59377 -1.8117 0 0
0 1 7 -0.75 0.45 3.42727 0 5.01759 1 0 -3.34549 -0.666971 -2.95271 0 0
0 1 7 -0.75 0.45 3.42727 1 5.0092 1 0 -1.93747 -1.50971 -2.65739 0 0
0 1 7 -0.75 0.45 3.42727 2 4.98069 1 0 -2.8939 -2.11138 -2.19818 0 0
0 1 7 -0.75 0.45 3.42727 3 4.56296 0.875 0 -2.4014 0.0258533 -2.73095 0 0
0 1 7 -0.75 0.45 3.42727 4 4.55785 0.875 0 -2.00932 -0.586447 -2.98017 0 0
0 1 7 -0.75 0.45 3.42727 5 4.53561 0.875 0 -2.30492 -1.60355 -1.80837 0 0
0 1 7 -0.75 0.45 3.42727 6 4.53379 0.875 0 -2.97622 -1.00322 -2.61036 0 0
0 1 7 -0.75 0.45 3.42727 7 4.53024 0.875 0 -2.4363 -1.1818 -2.95703 0 0
0 1 7 -0.75 0.45 3.42727 8 4.50109 0.875 0 -3.08671 1.56232 -2.74997 0 0
0 1 7 -0.75 0.45 3.42727 9 4.49816 0.875 0 -2.32743 -1.94618 -2.55669 0 0
0 1 8 -0.75 0.45 3.74545 0 5.03927 1 0 -3.19143 1.2195 -1.39885 0 0
0 1 8 -0.75 0.45 3.74545 1 4.53657 0.875 0 -3.14393 -0.612718 -2.78289 0 0
0 1 8 -0.75 0.45 3.74545 2 4.45691 0.875 0 -3.37603 -1.91416 -2.88771 0 0
0 1 8 -0.75 0.45 3.74545 3 4.06417 0.75 0 -3.00331 0.670242 -1.47888 0 0
0 1 8 -0.75 0.45 3.74545 4 4.04013 0.75 0 -2.76652 -0.876965 -2.74584 0 0
0 1 8 -0.75 0.45 3.74545 5 4.0374 0.75 0 -2.47907 -1.61904 -1.36325 0 0
0 1 8 -0.75 0.45 3.74545 6 4.02651 0.75 0 -3.22006 0.935029 -2.65524 0 0
0 1 8 -0.75 0.45 3.74545 7 4.02387 0.75 0 -2.55359 -1.71469 -1.79734 0 0
0 1 8 -0.75 0.45 3.74545 8 4.01516 0.75 0 -2.58244 -1.81346 -1.88373 0 0
0 1 8 -0.75 0.45 3.74545 9 4.00035 0.75 0 -3.18028 -1.79597 -1.88714 0 0
0 1 9 -0.75 0.45 4.06364 0 4.07609 0.75 0 -3.00103 0.0483844 -1.17707 0 0
0 1 9 -0.75 0.45 4.06364 1 4.04799 0.75 0 -2.88917 -0.65186 -2.57366 0 0
0 1 9 -0.75 0.45 4.06364 2 4.03968 0.75 0 -3.05064 -1.1482 -1.9526 0 0
0 1 9 -0.75 0.45 4.06364 3 4.01496 0.75 0 -2.8491 -1.85304 -1.28396 0 0
0 1 9 -0.75 0.45 4.06364 4 3.52619 0.625 0 -3.16929 -1.34018 -1.96419 0 0
0 1 9 -0.75 0.45 4.06364 5 3.52007 0.625 0 -3.37132 1.07361 -2.17339 0 0
0 1 9 -0.75 0.45 4.06364 6 3.51761 0.625 0 -2.76023 -1.71703 -1.19748 0 0
0 1 9 -0.75 0.45 4.06364 7 3.51182 0.625 0 -3.07819 -1.80727 -1.31582 0 0
0 1 9 -0.75 0.45 4.06364 8 3.5031 0.625 0 -3.45548 -1.59608 -1.02899 0 0
0 1 9 -0.75 0.45 4.06364 9 3.50093 0.625 0 -3.14227 -1.67636 -2.36036 0 0
0 1 10 -0.75 0.45 4.38182 0 3.05029 0.5 0 -3.21273 -0.0391429 -2.33569 0 0
0 1 10 -0.75 0.45 4.38182 1 3.02688 0.5 0 -3.57639 0.68922 -1.27416 0 0
0 1 10 -0.75 0.45 4.38182 2 3.00842 0.5 0 -3.5503 0.407949 -2.78113 0 0
0 1 10 -0.75 0.45 4.38182 3 2.97124 0.5 0 -3.31751 -1.86523 -2.62927 0 0
0 1 10 -0.75 0.45 4.38182 4 2.95685 0.5 0 -3.76465 -1.14772 -2.84212 0 0
0 1 10 -0.75 0.45 4.38182 5 2.95304 0.5 0 -3.38026 -2.05036 -2.61996 0 0
0 1 10 -0.75 0.45 4.38182 6 2.56667 0.375 0 -3.11535 -0.310635 -1.54438 0 0
0 1 10 -0.75 0.45 4.38182 7 2.54907 0.375 0 -3.25049 -0.5843 -1.92143 0 0
0 1 10 -0.75 0.45 4.38182 8 2.53011 0.375 0 -3.40172 0.108905 -2.58621 0 0
0 1 10 -0.75 0.45 4.38182 9 2.52963 0.375 0 -3.22991 -0.995807 -2.38554 0 0
0 1 11 -0.75 0.45 4.7 0 2.52074 0.375 0 -3.19842 -1.09572 -2.69446 0 0
0 1 11 -0.75 0.45 4.7 1 2.50836 0.375 0 -3.40865 -0.822557 -2.94471 0 0
0 1 11 -0.75 0.45 4.7 2 2.50094 0.375 0 -3.10672 -1.62633 -2.56529 0 0
0 1 11 -0.75 0.45 4.7 3 2.49968 0.375 0 -3.48602 -1.38747 -1.94871 0 0
0 1 11 -0.75 0.45 4.7 4 2.48912 0.375 0 -3.0429 -1.99888 -2.00437 0 0
0 1 11 -0.75 0.45 4.7 5 2.03967 0.25 0 -3.31445 -0.554827 -2.20244 0 0
0 1 11 -0.75 0.45 4.7 6 2.0243 0.25 0 -2.98736 -1.44128 -2.10046 0 0
0 1 11 -0.75 0.45 4.7 7 2.02267 0.25 0 -3.45919 0.0433988 -1.761 0 0
0 1 11 -0.75 0.45 4.7 8 2.02213 0.25 0 -3.09538 -1.43963 -2.07262 0 0
0 1 11 -0.75 0.45 4.7 9 2.01583 0.25 0 -2.90998 -1.58295 -2.23642 0 0
0 2 0 -0.75 0.5 1.2 0 5.07562 1 0 -0.189103 1.19283 -2.1018 0 0
0 2 0 -0.75 0.5 1.2 1 5.07299 1 0 -0.0933066 1.29476 -2.02198 0 0
0 2 0 -0.75 0.5 1.2 2 5.04665 1 0 0.569847 -0.318779 -2.87903 0 0
0 2 0 -0.75 0.5 1.2 3 5.04075 1 0 0.697913 -0.550044 -2.11924 0 0
0 2 0 -0.75 0.5 1.2 4 5.03149 1 0 0.732655 -1.10041 -1.1783 0 0
0 2 0 -0.75 0.5 1.2 5 5.03114 1 0 0.706505 -0.860554 -2.1185 0 0
0 2 0 -0.75 0.5 1.2 6 5.01289 1 0 0.426025 -1.96537 -1.8198 0 0
0 2 0 -0.75 0.5 1.2 7 4.95394 1 0 0.797848 -1.44179 -2.48745 0 0
0 2 0 -0.75 0.5 1.2 8 4.60998 0.875 0 -0.131279 0.602203 -1.10636 0 0
0 2 0 -0.75 0.5 1.2 9 4.60736 0.875 0 -0.0364424 0.48171 -1.53551 0 0
0 2 1 -0.75 0.5 1.51818 0 5.08115 1 0 0.175228 -0.316351 -2.69987 0 0
0 2 1 -0.75 0.5 1.51818 1 5.07103 1 0 0.369334 -1.00657 -1.77917 0 0
0 2 1 -0.75 0.5 1.51818 2 5.05403 1 0 -0.648437 1.34758 -2.69005 0 0
0 2 1 -0.75 0.5 1.51818 3 5.03455 1 0 0.211247 -1.60503 -2.64536 0 0
0 2 1 -0.75 0.5 1.51818 4 5.02998 1 0 -0.717139 -2.00307 -1.80306 0 0
0 2 1 -0.75 0.5 1.51818 5 5.02202 1 0 0.644079 -1.38603 -1.96389 0 0
0 2 1 -0.75 0.5 1.51818 6 5.02095 1 0 -0.109566 -1.98367 -2.51581 0 0
0 2 1 -0.75 0.5 1.51818 7 5.01274 1 0 -1.13666 -1.90046 -2.84127 0 0
0 2 1 -0.75 0.5 1.51818 8 5.01181 1 0 0.736321 -1.17971 -2.21787 0 0
0 2 1 -0.75 0.5 1.51818 9 5.01051 1 0 -0.768588 -1.95006 -2.91895 0 0
0 2 2 -0.75 0.5 1.83636 0 5.10191 1 0 -0.458277 0.266853 -2.00715 0 0
0 2 2 -0.75 0.5 1.83636 1 5.10035 1 0 0.0422935 -0.703807 -1.60036 0 0
0 2 2 -0.75 0.5 1.83636 2 5.09475 1 0 -0.14932 -0.221359 -2.43853 0 0
0 2 2 -0.75 0.5 1.83636 3 5.09273 1 0 -0.165692 -0.155243 -2.54375 0 0
0 2 2 -0.75 0.5 1.83636 4 5.09223 1 0 -0.281546 -0.23992 -2.53872 0 0
0 2 2 -0.75 0.5 1.83636 5 5.0876 1 0 -0.74541 0.726408 -2.21399 0 0
0 2 2 -0.75 0.5 1.83636 6 5.08209 1 0 -0.598511 0.69159 -2.57041 0 0
0 2 2 -0.75 0.5 1.83636 7 5.08185 1 0 -0.808217 0.854287 -2.29556 0 0
0 2 2 -0.75 0.5 1.83636 8 5.07302 1 0 0.217136 -0.988563 -2.22917 0 0
0 2 2 -0.75 0.5 1.83636 9 5.06267 1 0 -0.345547 -1.03442 -2.95139 0 0
0 2 3 -0.75 0.5 2.15455 0 4.11088 0.75 0 -0.653848 -0.195598 -1.36458 0 0
0 2 3 -0.75 0.5 2.15455 1 4.10686 0.75 0 -0.884745 0.539683 -1.10757 0 0
0 2 3 -0.75 0.5 2.15455 2 4.10178 0.75 0 -0.521891 -0.41702 -1.85801 0 0
0 2 3 -0.75 0.5 2.15455 3 4.09906 0.75 0 -0.575778 -0.392874 -2.03672 0 0
0 2 3 -0.75 0.5 2.15455 4 4.09644 0.75 0 -0.288743 -0.903044 -1.51652 0 0
0 2 3 -0.75 0.5 2.15455 5 4.09378 0.75 0 -0.849493 0.333474 -2.24728 0 0
0 2 3 -0.75 0.5 2.15455 6 4.09363 0.75 0 -0.678272 0.323427 -2.32381 0 0
0 2 3 -0.75 0.5 2.15455 7 4.0925 0.75 0 -0.203496 -0.751767 -2.05902 0 0
0 2 3 -0.75 0.5 2.15455 8 4.08835 0.75 0 -1.14192 0.868976 -1.73264 0 0
0 2 3 -0.75 0.5 2.15455 9 4.0867 0.75 0 -0.331645 -0.738526 -2.35332 0 0
0 2 4 -0.75 0.5 2.47273 0 4.61114 0.875 0 -0.943801 -0.279747 -1.06522 0 0
0 2 4 -0.75 0.5 2.47273 1 4.60926 0.875 0 -0.781663 -0.316315 -1.33452 0 0
0 2 4 -0.75 0.5 2.47273 2 4.60578 0.875 0 -1.23438 0.311367 -1.22963 0 0
0 2 4 -0.75 0.5 2.47273 3 4.60296 0.875 0 -1.20866 0.306632 -1.49617 0 0
0 2 4 -0.75 0.5 2.47273 4 4.5913 0.875 0 -0.770215 -0.763301 -1.95461 0 0
0 2 4 -0.75 0.5 2.47273 5 4.58982 0.875 0 -1.54667 0.878656 -1.19363 0 0
0 2 4 -0.75 0.5 2.47273 6 4.58742 0.875 0 -0.660274 -0.842976 -2.07665 0 0
0 2 4 -0.75 0.5 2.47273 7 4.58366 0.875 0 -1.05622 -0.489039 -2.51444 0 0
0 2 4 -0.75 0.5 2.47273 8 4.58257 0.875 0 -0.903742 -0.442581 -2.66743 0 0
0 2 4 -0.75 0.5 2.47273 9 4.5779 0.875 0 -0.638868 -0.702234 -2.72602 0 0
0 2 5 -0.75 0.5 2.79091 0 5.09549 1 0 -1.3884 0.0227148 -1.95548 0 0
0 2 5 -0.75 0.5 2.79091 1 5.09541 1 0 -1.69809 0.467487 -1.42721 0 0
0 2 5 -0.75 0.5 2.79091 2 5.0825 1 0 -1.80511 0.629519 -1.96163 0 0
0 2 5 -0.75 0.5 2.79091 3 5.0776 1 0 -2.01805 1.04617 -1.11008 0 0
0 2 5 -0.75 0.5 2.79091 4 5.07577 1 0 -1.28698 -0.579238 -2.68866 0 0
0 2 5 -0.75 0.5 2.79091 5 5.07497 1 0 -1.57663 0.591189 -2.53346 0 0
0 2 5 -0.75 0.5 2.79091 6 5.07357 1 0 -1.62931 -0.0997377 -2.84318 0 0
0 2 5 -0.75 0.5 2.79091 7 5.07238 1 0 -1.05704 -0.730286 -2.76231 0 0
0 2 5 -0.75 0.5 2.79091 8 5.06656 1 0 -1.81871 0.400507 -2.89782 0 0
0 2 5 -0.75 0.5 2.79091 9 5.06467 1 0 -1.86565 0.467026 -2.89734 0 0
0 2 6 -0.75 0.5 3.10909 0 5.06574 1 0 -2.12334 0.900152 -2.15306 0 0
0 2 6 -0.75 0.5 3.10909 1 5.05921 1 0 -1.57163 -1.36919 -1.89056 0 0
0 2 6 -0.75 0.5 3.10909 2 5.02692 1 0 -1.98391 -1.91207 -1.42583 0 0
0 2 6 -0.75 0.5 3.10909 3 5.02653 1 0 -2.75783 -1.38019 -2.42916 0 0
0 2 6 -0.75 0.5 3.10909 4 5.0265 1 0 -2.94654 -1.32177 -2.34713 0 0
0 2 6 -0.75 0.5 3.10909 5 5.02595 1 0 -1.99629 -1.86265 -1.73019 0 0
0 2 6 -0.75 0.5 3.10909 6 4.59185 0.875 0 -1.61053 -0.185243 -1.97319 0 0
0 2 6 -0.75 0.5 3.10909 7 4.58024 0.875 0 -2.14791 0.883349 -1.1918 0 0
0 2 6 -0.75 0.5 3.10909 8 4.57172 0.875 0 -1.91045 -0.0186241 -2.73364 0 0
0 2 6 -0.75 0.5 3.10909 9 4.5478 0.875 0 -1.82321 -1.3279 -2.42498 0 0
0 2 7 -0.75 0.5 3.42727 0 5.07182 1 0 -2.74186 0.760679 -1.16842 0 0
0 2 7 -0.75 0.5 3.42727 1 5.05614 1 0 -2.25358 0.457553 -2.95498 0 0
0 2 7 -0.75 0.5 3.42727 2 5.03335 1 0 -2.57504 -1.38225 -2.29882 0 0
0 2 7 -0.75 0.5 3.42727 3 4.59127 0.875 0 -2.1462 -0.204617 -1.42877 0 0
0 2 7 -0.75 0.5 3.42727 4 4.58186 0.875 0 -2.27832 0.522662 -1.59991 0 0
0 2 7 -0.75 0.5 3.42727 5 4.58185 0.875 0 -2.21599 0.169874 -1.97941 0 0
0 2 7 -0.75 0.5 3.42727 6 4.57785 0.875 0 -2.45775 0.462776 -1.70558 0 0
0 2 7 -0.75 0.5 3.42727 7 4.53734 0.875 0 -2.78708 -1.18869 -2.30634 0 0
0 2 7 -0.75 0.5 3.42727 8 4.52808 0.875 0 -2.43261 -1.7706 -1.39533 0 0
0 2 7 -0.75 0.5 3.42727 9 4.52777 0.875 0 -2.74573 -1.28593 -2.60023 0 0
0 2 8 -0.75 0.5 3.74545 0 4.08819 0.75 0 -2.41049 -0.127177 -1.28128 0 0
0 2 8 -0.75 0.5 3.74545 1 4.06904 0.75 0 -2.55343 0.231151 -2.27419 0 0
0 2 8 -0.75 0.5 3.74545 2 4.06164 0.75 0 -2.37732 -0.165235 -2.24346 0 0
0 2 8 -0.75 0.5 3.74545 3 4.02466 0.75 0 -2.99868 1.11107 -2.79721 0 0
0 2 8 -0.75 0.5 3.74545 4 4.02313 0.75 0 -2.43404 -1.88359 -1.14861 0 0
0 2 8 -0.75 0.5 3.74545 5 4.02147 0.75 0 -2.85664 -1.62179 -1.87604 0 0
0 2 8 -0.75 0.5 3.74545 6 4.01661 0.75 0 -2.80555 -1.77026 -1.6449 0 0
0 2 8 -0.75 0.5 3.74545 7 3.99608 0.75 0 -2.45987 0.118248 -2.56717 0 0
0 2 8 -0.75 0.5 3.74545 8 3.97014 0.75 0 -2.73784 -2.15424 -2.6957 0 0
0 2 8 -0.75 0.5 3.74545 9 3.93774 0.75 0 -2.3256 -1.9592 -1.80701 0 0
0 2 9 -0.75 0.5 4.06364 0 4.05221 0.75 0 -2.83985 -0.572851 -2.51674 0 0
0 2 9 -0.75 0.5 4.06364 1 4.04767 0.75 0 -2.7835 -0.26645 -2.94028 0 0
0 2 9 -0.75 0.5 4.06364 2 3.54068 0.625 0 -2.85967 -0.917365 -2.58599 0 0
0 2 9 -0.75 0.5 4.06364 3 3.52348 0.625 0 -2.80673 -1.47792 -2.26783 0 0
0 2 9 -0.75 0.5 4.06364 4 3.47578 0.625 0 -3.31163 -1.9901 -1.99178 0 0
0 2 9 -0.75 0.5 4.06364 5 3.46926 0.625 0 -3.17148 -2.00053 -2.72207 0 0
0 2 9 -0.75 0.5 4.06364 6 3.46542 0.625 0 -3.74485 -1.05983 -2.77585 0 0
0 2 9 -0.75 0.5 4.06364 7 3.07867 0.5 0 -2.83188 -0.326859 -1.15186 0 0
0 2 9 -0.75 0.5 4.06364 8 3.04506 0.5 0 -3.1531 0.662439 -2.33886 0 0
0 2 9 -0.75 0.5 4.06364 9 3.02664 0.5 0 -2.74866 -1.1289 -2.93095 0 0
0 2 10 -0.75 0.5 4.38182 0 3.52273 0.625 0 -3.37938 0.0509277 -2.96805 0 0
0 2 10 -0.75 0.5 4.38182 1 3.50559 0.625 0 -2.55851 -1.87162 -2.22751 0 0
0 2 10 -0.75 0.5 4.38182 2 3.04479 0.5 0 -3.10926 -0.416565 -2.65529 0 0
0 2 10 -0.75 0.5 4.38182 3 3.04017 0.5 0 -2.77332 -1.35199 -1.7406 0 0
0 2 10 -0.75 0.5 4.38182 4 3.03346 0.5 0 -2.55951 -1.67215 -1.27939 0 0
0 2 10 -0.75 0.5 4.38182 5 3.00133 0.5 0 -3.54601 -1.16772 -2.09942 0 0
0 2 10 -0.75 0.5 4.38182 6 2.99283 0.5 0 -3.43167 -1.51993 -2.20401 0 0
0 2 10 -0.75 0.5 4.38182 7 2.97564 0.5 0 -3.72568 -1.28773 -1.96233 0 0
0 2 10 -0.75 0.5 4.38182 8 2.55599 0.375 0 -3.29846 -0.0415872 -1.65309 0 0
0 2 10 -0.75 0.5 4.38182 9 2.53971 0.375 0 -2.90655 -1.29137 -1.77697 0 0
0 2 11 -0.75 0.5 4.7 0 3.4443 0.625 0 -3.50937 -2.00039 -2.65488 0 0
0 2 11 -0.75 0.5 4.7 1 3.00511 0.5 0 -3.61626 -0.672105 -2.36333 0 0
0 2 11 -0.75 0.5 4.7 2 2.99397 0.5 0 -3.77264 0.0855188 -2.2114 0 0
0 2 11 -0.75 0.5 4.7 3 2.96386 0.5 0 -3.612 -1.37791 -2.98838 0 0
0 2 11 -0.75 0.5 4.7 4 2.96114 0.5 0 -3.49302 -2.02233 -1.80099 0 0
0 2 11 -0.75 0.5 4.7 5 2.5506 0.375 0 -3.2191 -0.725259 -1.75843 0 0
0 2 11 -0.75 0.5 4.7 6 2.52821 0.375 0 -3.23044 -1.36669 -1.52262 0 0
0 2 11 -0.75 0.5 4.7 7 2.50036 0.375 0 -3.50455 -1.17157 -2.35714 0 0
0 2 11 -0.75 0.5 4.7 8 2.47421 0.375 0 -3.77264 -1.0683 -2.1411 0 0
0 2 11 -0.75 0.5 4.7 9 2.05667 0.25 0 -3.37624 -0.167088 -1.04989 0 0
0 3 0 -0.75 0.55 1.2 0 5.07741 1 0 -0.460834 1.24932 -1.81462 0 0
0 3 0 -0.75 0.55 1.2 1 5.07269 1 0 0.343335 -0.424759 -2.58944 0 0
0 3 0 -0.75 0.55 1.2 2 5.06951 1 0 -0.488815 1.49142 -1.49161 0 0
0 3 0 -0.75 0.55 1.2 3 5.05926 1 0 -0.1262 1.48256 -2.22834 0 0
0 3 0 -0.75 0.55 1.2 4 5.04719 1 0 0.15597 -1.27501 -2.95917 0 0
0 3 0 -0.75 0.55 1.2 5 5.0427 1 0 0.0333251 -1.71228 -2.31834 0 0
0 3 0 -0.75 0.55 1.2 6 5.04061 1 0 0.395228 -1.20014 -2.79201 0 0
0 3 0 -0.75 0.55 1.2 7 5.03566 1 0 0.14493 -1.84587 -1.9979 0 0
0 3 0 -0.75 0.55 1.2 8 5.02824 1 0 0.422047 -1.47402 -2.65045 0 0
0 3 0 -0.75 0.55 1.2 9 5.02589 1 0 -0.125124 -1.84053 -2.73827 0 0
0 3 1 -0.75 0.55 1.51818 0 5.10284 1 0 -0.525671 0.709208 -1.34711 0 0
0 3 1 -0.75 0.55 1.51818 1 5.09485 1 0 -0.493686 0.775373 -1.82057 0 0
0 3 1 -0.75 0.55 1.51818 2 5.08974 1 0 0.309434 -0.598195 -1.61668 0 0
0 3 1 -0.75 0.55 1.51818 3 5.08406 1 0 0.136201 -0.55124 -2.49167 0 0
0 3 1 -0.75 0.55 1.51818 4 5.07727 1 0 -0.438801 0.916605 -2.52636 0 0
0 3 1 -0.75 0.55 1.51818 5 5.07589 1 0 -0.898785 1.413 -1.02753 0 0
0 3 1 -0.75 0.55 1.51818 6 5.07014 1 0 0.100209 -0.934057 -2.71074 0 0
0 3 1 -0.75 0.55 1.51818 7 5.06331 1 0 -0.761931 1.5287 -1.66487 0 0
0 3 1 -0.75 0.55 1.51818 8 5.06122 1 0 0.223999 -1.03543 -2.6746 0 0
0 3 1 -0.75 0.55 1.51818 9 5.05473 1 0 -1.04813 1.66293 -1.4995 0 0
0 3 2 -0.75 0.55 1.83636 0 5.10032 1 0 -0.724326 0.859647 -1.0671 0 0
0 3 2 -0.75 0.55 1.83636 1 5.09686 1 0 -0.260652 0.0319042 -2.37857 0 0
0 3 2 -0.75 0.55 1.83636 2 5.09655 1 0 -0.685096 0.573276 -1.94278 0 0
0 3 2 -0.75 0.55 1.83636 3 5.08427 1 0 0.20682 -1.00448 -1.55346 0 0
0 3 2 -0.75 0.55 1.83636 4 5.08092 1 0 -0.143779 -0.855023 -2.49246 0 0
0 3 2 -0.75 0.55 1.83636 5 5.0808 1 0 -0.0103772 -0.660633 -2.72583 0 0
0 3 2 -0.75 0.55 1.83636 6 5.0734 1 0 -1.17027 1.36644 -1.27144 0 0
0 3 2 -0.75 0.55 1.83636 7 5.06587 1 0 0.207782 -0.840916 -2.7974 0 0
0 3 2 -0.75 0.55 1.83636 8 5.06494 1 0 -1.0254 1.50488 -1.46569 0 0
0 3 2 -0.75 0.55 1.83636 9 5.05832 1 0 -1.05396 1.44946 -2.05391 0 0
0 3 3 -0.75 0.55 2.15455 0 4.61201 0.875 0 -0.653321 0.148947 -1.29469 0 0
0 3 3 -0.75 0.55 2.15455 1 4.60606 0.875 0 -0.545768 -0.248958 -1.71481 0 0
0 3 3 -0.75 0.55 2.15455 2 4.60537 0.875 0 -0.275603 -0.510997 -1.62205 0 0
0 3 3 -0.75 0.55 2.15455 3 4.60037 0.875 0 -0.447519 -0.622146 -1.75032 0 0
0 3 3 -0.75 0.55 2.15455 4 4.59138 0.875 0 -0.158374 -1.13546 -1.21413 0 0
0 3 3 -0.75 0.55 2.15455 5 4.59027 0.875 0 -0.915846 0.505071 -2.26444 0 0
0 3 3 -0.75 0.55 2.15455 6 4.58827 0.875 0 -0.364291 -0.921631 -1.95821 0 0
0 3 3 -0.75 0.55 2.15455 7 4.57575 0.875 0 -1.05485 0.868041 -2.43848 0 0
0 3 3 -0.75 0.55 2.15455 8 4.57221 0.875 0 -1.13697 0.700499 -2.787 0 0
0 3 3 -0.75 0.55 2.15455 9 4.57212 0.875 0 -0.144686 -1.06041 -2.55797 0 0
0 3 4 -0.75 0.55 2.47273 0 4.60947 0.875 0 -0.922192 -0.399958 -1.0912 0 0
0 3 4 -0.75 0.55 2.47273 1 4.60907 0.875 0 -1.06441 0.221259 -1.17734 0 0
0 3 4 -0.75 0.55 2.47273 2 4.60582 0.875 0 -0.775927 -0.475945 -1.42576 0 0
0 3 4 -0.75 0.55 2.47273 3 4.60252 0.875 0 -1.30606 0.4334 -1.33084 0 0
0 3 4 -0.75 0.55 2.47273 4 4.6004 0.875 0 -0.861068 -0.0794932 -1.98803 0 0
0 3 4 -0.75 0.55 2.47273 5 4.59807 0.875 0 -1.19763 0.522116 -1.6255 0 0
0 3 4 -0.75 0.55 2.47273 6 4.59518 0.875 0 -1.09036 0.263403 -2.10406 0 0
0 3 4 -0.75 0.55 2.47273 7 4.59348 0.875 0 -1.36717 0.718803 -1.48777 0 0
0 3 4 -0.75 0.55 2.47273 8 4.59251 0.875 0 -1.05886 0.14143 -2.29036 0 0
0 3 4 -0.75 0.55 2.47273 9 4.58791 0.875 0 -1.62863 0.90997 -1.18701 0 0
0 3 5 -0.75 0.55 2.79091 0 5.10677 1 0 -1.18332 -0.401268 -1.0988 0 0
0 3 5 -0.75 0.55 2.79091 1 5.10338 1 0 -1.52882 0.0475438 -1.29872 0 0
0 3 5 -0.75 0.55 2.79091 2 5.09728 1 0 -1.25072 -0.406446 -1.77142 0 0
0 3 5 -0.75 0.55 2.79091 3 5.09457 1 0 -1.49404 0.247656 -1.88705 0 0
0 3 5 -0.75 0.55 2.79091 4 5.09331 1 0 -1.52505 0.092166 -1.98723 0 0
0 3 5 -0.75 0.55 2.79091 5 5.08177 1 0 -1.9263 0.965882 -1.10958 0 0
0 3 5 -0.75 0.55 2.79091 6 5.07818 1 0 -1.17031 -0.330385 -2.81524 0 0
0 3 5 -0.75 0.55 2.79091 7 5.07615 1 0 -1.34028 -0.42686 -2.76399 0 0
0 3 5 -0.75 0.55 2.79091 8 5.07533 1 0 -1.07098 -0.667389 -2.70847 0 0
0 3 5 -0.75 0.55 2.79091 9 5.07314 1 0 -1.72943 0.240697 -2.7522 0 0
0 3 6 -0.75 0.55 3.10909 0 5.09091 1 0 -1.85658 0.431004 -1.628 0 0
0 3 6 -0.75 0.55 3.10909 1 5.08025 1 0 -1.53913 -0.568108 -2.34742 0 0
0 3 6 -0.75 0.55 3.10909 2 5.07355 1 0 -1.95707 0.0776403 -2.63164 0 0
0 3 6 -0.75 0.55 3.10909 3 5.0698 1 0 -2.01943 -0.229792 -2.71377 0 0
0 3 6 -0.75 0.55 3.10909 4 5.06712 1 0 -1.4883 -0.655874 -2.86813 0 0
0 3 6 -0.75 0.55 3.10909 5 5.05447 1 0 -1.62391 -1.07594 -2.75381 0 0
0 3 6 -0.75 0.55 3.10909 6 5.04119 1 0 -2.63386 1.44671 -1.5593 0 0
0 3 6 -0.75 0.55 3.10909 7 5.01598 1 0 -1.95652 -1.92095 -2.10591 0 0
0 3 6 -0.75 0.55 3.10909 8 5.01084 1 0 -1.50425 -2.04844 -2.24611 0 0
0 3 6 -0.75 0.55 3.10909 9 4.99671 1 0 -2.80795 1.79937 -2.59851 0 0
0 3 7 -0.75 0.55 3.42727 0 5.02664 1 0 -2.21295 -1.77595 -1.80571 0 0
0 3 7 -0.75 0.55 3.42727 1 4.99811 1 0 -2.79903 -1.76251 -2.6489 0 0
0 3 7 -0.75 0.55 3.42727 2 4.58821 0.875 0 -2.02223 -0.199108 -1.80328 0 0
0 3 7 -0.75 0.55 3.42727 3 4.53132 0.875 0 -2.72307 -1.35319 -2.31525 0 0
0 3 7 -0.75 0.55 3.42727 4 4.52757 0.875 0 -3.08489 -0.92144 -2.87893 0 0
0 3 7 -0.75 0.55 3.42727 5 4.08712 0.75 0 -2.00287 -0.149437 -1.91106 0 0
0 3 7 -0.75 0.55 3.42727 6 4.04714 0.75 0 -2.49192 0.788479 -2.83186 0 0
0 3 7 -0.75 0.55 3.42727 7 4.04237 0.75 0 -2.89446 1.30307 -1.58398 0 0
0 3 7 -0.75 0.55 3.42727 8 4.03473 0.75 0 -2.64491 -1.54605 -1.61408 0 0
0 3 7 -0.75 0.55 3.42727 9 4.0318 0.75 0 -2.02942 -1.51636 -2.54017 0 0
0 3 8 -0.75 0.55 3.74545 0 4.56318 0.875 0 -2.29238 -0.618292 -2.507 0 0
0 3 8 -0.75 0.55 3.74545 1 4.56175 0.875 0 -2.70221 -0.0502765 -2.50917 0 0
0 3 8 -0.75 0.55 3.74545 2 4.5345 0.875 0 -3.05349 -1.41184 -1.45839 0 0
0 3 8 -0.75 0.55 3.74545 3 4.52567 0.875 0 -3.06263 -1.37745 -2.11299 0 0
0 3 8 -0.75 0.55 3.74545 4 4.52365 0.875 0 -2.37048 -1.81965 -1.61051 0 0
0 3 8 -0.75 0.55 3.74545 5 4.51378 0.875 0 -3.30066 1.0566 -2.74517 0 0
0 3 8 -0.75 0.55 3.74545 6 4.50768 0.875 0 -1.86205 -2.14414 -1.69367 0 0
0 3 8 -0.75 0.55 3.74545 7 4.47406 0.875 0 -2.56168 -2.06054 -2.9893 0 0
0 3 8 -0.75 0.55 3.74545 8 4.0826 0.75 0 -2.38606 -0.247218 -1.69251 0 0
0 3 8 -0.75 0.55 3.74545 9 4.07971 0.75 0 -2.25345 -0.876197 -1.03244 0 0
0 3 9 -0.75 0.55 4.06364 0 4.06481 0.75 0 -3.14611 0.334415 -1.56737 0 0
0 3 9 -0.75 0.55 4.06364 1 4.0642 0.75 0 -2.67418 -0.556811 -2.1413 0 0
0 3 9 -0.75 0.55 4.06364 2 3.55572 0.625 0 -3.0328 0.0239496 -2.4155 0 0
0 3 9 -0.75 0.55 4.06364 3 3.54102 0.625 0 -3.02115 -0.349388 -2.94973 0 0
0 3 9 -0.75 0.55 4.06364 4 3.52296 0.625 0 -2.2869 -1.73677 -2.07481 0 0
0 3 9 -0.75 0.55 4.06364 5 3.48911 0.625 0 -2.66777 -2.1951 -1.61574 0 0
0 3 9 -0.75 0.55 4.06364 6 3.48573 0.625 0 -3.45458 -1.47726 -2.55582 0 0
0 3 9 -0.75 0.55 4.06364 7 3.48528 0.625 0 -3.67304 1.46622 -1.14025 0 0
0 3 9 -0.75 0.55 4.06364 8 3.48445 0.625 0 -3.53811 1.64361 -1.66863 0 0
0 3 9 -0.75 0.55 4.06364 9 3.45939 0.625 0 -3.7521 1.30455 -2.52244 0 0
0 3 10 -0.75 0.55 4.38182 0 3.96973 0.75 0 -3.01552 -2.10355 -2.59524 0 0
0 3 10 -0.75 0.55 4.38182 1 3.03643 0.5 0 -3.32572 -0.17022 -2.56096 0 0
0 3 10 -0.75 0.55 4.38182 2 3.02443 0.5 0 -3.44893 -0.737291 -2.19117 0 0
0 3 10 -0.75 0.55 4.38182 3 3.0182 0.5 0 -2.95167 -1.21331 -2.91483 0 0
0 3 10 -0.75 0.55 4.38182 4 3.01405 0.5 0 -2.86659 -1.78181 -1.68921 0 0
0 3 10 -0.75 0.55 4.38182 5 2.99102 0.5 0 -2.72968 -2.14017 -1.69091 0 0
0 3 10 -0.75 0.55 4.38182 6 2.98367 0.5 0 -2.99094 -2.17556 -1.55068 0 0
0 3 10 -0.75 0.55 4.38182 7 2.96075 0.5 0 -3.55496 -1.62487 -2.82533 0 0
0 3 10 -0.75 0.55 4.38182 8 2.93729 0.5 0 -3.48112 -2.09021 -2.77757 0 0
0 3 10 -0.75 0.55 4.38182 9 2.55036 0.375 0 -3.31425 0.377429 -1.77109 0 0
0 3 11 -0.75 0.55 4.7 0 2.52504 0.375 0 -2.9523 -1.68954 -1.06577 0 0
0 3 11 -0.75 0.55 4.7 1 2.0622 0.25 0 -3.19122 -0.486816 -1.42761 0 0
0 3 11 -0.75 0.55 4.7 2 2.03397 0.25 0 -2.97551 -1.22095 -2.1774 0 0
0 3 11 -0.75 0.55 4.7 3 2.03316 0.25 0 -3.20507 -0.483864 -2.90501 0 0
0 3 11 -0.75 0.55 4.7 4 2.02792 0.25 0 -2.35773 -1.8229 -1.28234 0 0
0 3 11 -0.75 0.55 4.7 5 2.02325 0.25 0 -2.83395 -1.57366 -1.96655 0 0
0 3 11 -0.75 0.55 4.7 6 2.00482 0.25 0 -2.94022 -1.87744 -1.72636 0 0
0 3 11 -0.75 0.55 4.7 7 2.00362 0.25 0 -3.67022 -0.315761 -2.42135 0 0
0 3 11 -0.75 0.55 4.7 8 1.96256 0.25 0 -3.60854 -1.74974 -2.10436 0 0
0 3 11 -0.75 0.55 4.7 9 1.96209 0.25 0 -3.70945 -1.33056 -2.64555 0 0
0 4 0 -0.75 0.6 1.2 0 5.09238 1 0 -0.0958961 1.0827 -1.3524 0 0
0 4 0 -0.75 0.6 1.2 1 5.08528 1 0 0.148129 0.433123 -2.50792 0 0
0 4 0 -0.75 0.6 1.2 2 5.0847 1 0 -0.259402 1.26092 -1.31295 0 0
0 4 0 -0.75 0.6 1.2 3 5.07332 1 0 0.549965 -0.629313 -1.24152 0 0
0 4 0 -0.75 0.6 1.2 4 5.07257 1 0 0.119914 0.933907 -2.56731 0 0
0 4 0 -0.75 0.6 1.2 5 5.03858 1 0 0.450994 -1.24736 -2.59297 0 0
0 4 0 -0.75 0.6 1.2 6 5.03002 1 0 -0.473711 1.69345 -2.91035 0 0
0 4 0 -0.75 0.6 1.2 7 5.02827 1 0 0.0469113 -1.6824 -2.99852 0 0
0 4 0 -0.75 0.6 1.2 8 5.02515 1 0 0.232509 1.6346 -2.91047 0 0
0 4 0 -0.75 0.6 1.2 9 5.02082 1 0 0.406465 -1.77107 -2.22081 0 0
0 4 1 -0.75 0.6 1.51818 0 5.10898 1 0 0.027849 -0.06577 -1.65701 0 0
0 4 1 -0.75 0.6 1.51818 1 5.0978 1 0 -0.414988 0.700558 -1.79732 0 0
0 4 1 -0.75 0.6 1.51818 2 5.09769 1 0 -0.575228 0.922014 -1.23827 0 0
0 4 1 -0.75 0.6 1.51818 3 5.06065 1 0 0.425165 -1.02071 -2.09874 0 0
0 4 1 -0.75 0.6 1.51818 4 5.04986 1 0 0.442578 -0.949972 -2.66307 0 0
0 4 1 -0.75 0.6 1.51818 5 5.03293 1 0 -0.688739 1.71437 -2.67348 0 0
0 4 1 -0.75 0.6 1.51818 6 5.02952 1 0 0.114279 -1.86066 -2.34173 0 0
0 4 1 -0.75 0.6 1.51818 7 5.02366 1 0 -0.301731 -1.867 -2.73529 0 0
0 4 1 -0.75 0.6 1.51818 8 5.01782 1 0 -1.09421 -1.78633 -2.96016 0 0
0 4 1 -0.75 0.6 1.51818 9 5.01443 1 0 -0.00295533 -2.03286 -2.61752 0 0
0 4 2 -0.75 0.6 1.83636 0 5.10763 1 0 -0.552114 0.474939 -1.3804 0 0
0 4 2 -0.75 0.6 1.83636 1 5.10693 1 0 0.0435726 -0.398453 -1.57608 0 0
0 4 2 -0.75 0.6 1.83636 2 5.10481 1 0 -0.14912 -0.416778 -1.7755 0 0
0 4 2 -0.75 0.6 1.83636 3 5.10392 1 0 -0.686199 0.713728 -1.16108 0 0
0 4 2 -0.75 0.6 1.83636 4 5.09625 1 0 -0.154819 -0.0234247 -2.40832 0 0
0 4 2 -0.75 0.6 1.83636 5 5.08083 1 0 -0.990499 1.08637 -1.80061 0 0
0 4 2 -0.75 0.6 1.83636 6 5.07869 1 0 -0.527207 0.41259 -2.94275 0 0
0 4 2 -0.75 0.6 1.83636 7 5.07721 1 0 -0.56844 0.671056 -2.79908 0 0
0 4 2 -0.75 0.6 1.83636 8 5.07454 1 0 -0.896705 1.36906 -1.36896 0 0
0 4 2 -0.75 0.6 1.83636 9 5.0715 1 0 -0.74592 1.06223 -2.45128 0 0
0 4 3 -0.75 0.6 2.15455 0 4.60376 0.875 0 -0.990748 0.555351 -1.31531 0 0
0 4 3 -0.75 0.6 2.15455 1 4.60006 0.875 0 -0.828909 0.544845 -1.70944 0 0
0 4 3 -0.75 0.6 2.15455 2 4.59468 0.875 0 -0.49632 -0.120518 -2.41051 0 0
0 4 3 -0.75 0.6 2.15455 3 4.59018 0.875 0 -1.02238 0.564468 -2.15481 0 0
0 4 3 -0.75 0.6 2.15455 4 4.5834 0.875 0 -0.795101 0.164675 -2.81064 0 0
0 4 3 -0.75 0.6 2.15455 5 4.58032 0.875 0 -1.08295 0.778487 -2.35176 0 0
0 4 3 -0.75 0.6 2.15455 6 4.56884 0.875 0 -0.0595562 -1.58945 -1.20084 0 0
0 4 3 -0.75 0.6 2.15455 7 4.56553 0.875 0 -1.71433 1.41286 -1.10887 0 0
0 4 3 -0.75 0.6 2.15455 8 4.56532 0.875 0 -0.181013 -1.45163 -1.96572 0 0
0 4 3 -0.75 0.6 2.15455 9 4.56412 0.875 0 -1.47237 1.3407 -1.78921 0 0
0 4 4 -0.75 0.6 2.47273 0 4.61092 0.875 0 -0.944124 -0.118346 -1.20545 0 0
0 4 4 -0.75 0.6 2.47273 1 4.60803 0.875 0 -1.24394 0.145271 -1.14915 0 0
0 4 4 -0.75 0.6 2.47273 2 4.60626 0.875 0 -1.01688 -0.0233253 -1.53997 0 0
0 4 4 -0.75 0.6 2.47273 3 4.60613 0.875 0 -0.923403 -0.394804 -1.40037 0 0
0 4 4 -0.75 0.6 2.47273 4 4.60537 0.875 0 -0.818476 -0.515262 -1.37305 0 0
0 4 4 -0.75 0.6 2.47273 5 4.59984 0.875 0 -1.10419 0.140305 -1.8897 0 0
0 4 4 -0.75 0.6 2.47273 6 4.59501 0.875 0 -1.28914 0.670656 -1.5505 0 0
0 4 4 -0.75 0.6 2.47273 7 4.59325 0.875 0 -0.397672 -1.06961 -1.22787 0 0
0 4 4 -0.75 0.6 2.47273 8 4.58859 0.875 0 -0.534969 -1.14784 -1.26328 0 0
0 4 4 -0.75 0.6 2.47273 9 4.58798 0.875 0 -0.782296 -0.617688 -2.3235 0 0
0 4 5 -0.75 0.6 2.79091 0 5.10479 1 0 -1.23614 -0.257274 -1.36562 0 0
0 4 5 -0.75 0.6 2.79091 1 5.10224 1 0 -1.45407 0.133704 -1.45535 0 0
0 4 5 -0.75 0.6 2.79091 2 5.09779 1 0 -1.18086 -0.639662 -1.48336 0 0
0 4 5 -0.75 0.6 2.79091 3 5.0901 1 0 -0.972292 -0.772081 -1.91141 0 0
0 4 5 -0.75 0.6 2.79091 4 5.08478 1 0 -1.21868 -0.49414 -2.37964 0 0
0 4 5 -0.75 0.6 2.79091 5 5.07817 1 0 -0.980952 -0.835817 -2.42794 0 0
0 4 5 -0.75 0.6 2.79091 6 5.07304 1 0 -1.60438 0.556144 -2.64436 0 0
0 4 5 -0.75 0.6 2.79091 7 5.07171 1 0 -1.88594 0.903818 -2.04568 0 0
0 4 5 -0.75 0.6 2.79091 8 5.07073 1 0 -1.10495 -1.23618 -1.9492 0 0
0 4 5 -0.75 0.6 2.79091 9 5.06945 1 0 -1.74485 0.702326 -2.54937 0 0
0 4 6 -0.75 0.6 3.10909 0 5.10112 1 0 -1.59387 -0.330429 -1.22948 0 0
0 4 6 -0.75 0.6 3.10909 1 5.09066 1 0 -2.06784 0.572258 -1.1167 0 0
0 4 6 -0.75 0.6 3.10909 2 5.07569 1 0 -1.87543 -0.370594 -2.48974 0 0
0 4 6 -0.75 0.6 3.10909 3 5.05424 1 0 -2.29902 0.921436 -2.51454 0 0
0 4 6 -0.75 0.6 3.10909 4 5.05188 1 0 -2.57268 1.3628 -1.15891 0 0
0 4 6 -0.75 0.6 3.10909 5 5.05158 1 0 -1.93099 -1.16491 -2.50094 0 0
0 4 6 -0.75 0.6 3.10909 6 5.05055 1 0 -2.34167 1.07608 -2.38902 0 0
0 4 6 -0.75 0.6 3.10909 7 5.04353 1 0 -2.44573 1.51887 -1.37355 0 0
0 4 6 -0.75 0.6 3.10909 8 5.04318 1 0 -1.12592 -1.54168 -2.53281 0 0
0 4 6 -0.75 0.6 3.10909 9 5.04294 1 0 -1.99485 -1.39157 -2.36793 0 0
0 4 7 -0.75 0.6 3.42727 0 4.57013 0.875 0 -2.31721 -0.0267958 -2.49929 0 0
0 4 7 -0.75 0.6 3.42727 1 4.53565 0.875 0 -1.42488 -1.73361 -2.15271 0 0
0 4 7 -0.75 0.6 3.42727 2 4.50867 0.875 0 -2.66277 -1.55858 -2.87372 0 0
0 4 7 -0.75 0.6 3.42727 3 4.48878 0.875 0 -3.14356 1.72099 -2.7682 0 0
0 4 7 -0.75 0.6 3.42727 4 4.07247 0.75 0 -2.10979 -0.489578 -2.35476 0 0
0 4 7 -0.75 0.6 3.42727 5 4.0682 0.75 0 -1.94138 -0.985798 -2.02644 0 0
0 4 7 -0.75 0.6 3.42727 6 4.06005 0.75 0 -2.67016 1.11655 -1.26614 0 0
0 4 7 -0.75 0.6 3.42727 7 4.05559 0.75 0 -2.26497 0.482966 -2.9474 0 0
0 4 7 -0.75 0.6 3.42727 8 4.05278 0.75 0 -3.02747 1.13293 -1.06508 0 0
0 4 7 -0.75 0.6 3.42727 9 4.04992 0.75 0 -2.82303 1.30304 -1.07799 0 0
0 4 8 -0.75 0.6 3.74545 0 4.46831 0.875 0 -3.48214 -1.73052 -2.54316 0 0
0 4 8 -0.75 0.6 3.74545 1 4.08368 0.75 0 -2.38221 -0.163445 -1.6695 0 0
0 4 8 -0.75 0.6 3.74545 2 4.06597 0.75 0 -2.87068 0.788965 -1.3573 0 0
0 4 8 -0.75 0.6 3.74545 3 4.03862 0.75 0 -3.16007 1.01323 -2.09374 0 0
0 4 8 -0.75 0.6 3.74545 4 4.03687 0.75 0 -2.6172 -1.54837 -1.47325 0 0
0 4 8 -0.75 0.6 3.74545 5 4.02411 0.75 0 -3.34566 -1.02856 -2.16019 0 0
0 4 8 -0.75 0.6 3.74545 6 4.0206 0.75 0 -2.33289 -1.85197 -1.7192 0 0
0 4 8 -0.75 0.6 3.74545 7 4.00622 0.75 0 -3.01254 -1.54874 -2.65157 0 0
0 4 8 -0.75 0.6 3.74545 8 3.993 0.75 0 -2.36055 -2.18939 -1.82551 0 0
0 4 8 -0.75 0.6 3.74545 9 3.56541 0.625 0 -2.08657 -1.29227 -1.08923 0 0
0 4 9 -0.75 0.6 4.06364 0 4.00769 0.75 0 -3.36804 -1.37386 -2.11893 0 0
0 4 9 -0.75 0.6 4.06364 1 3.56135 0.625 0 -2.93306 -0.410055 -2.09406 0 0
0 4 9 -0.75 0.6 4.06364 2 3.55344 0.625 0 -2.94193 -0.737223 -2.1272 0 0
0 4 9 -0.75 0.6 4.06364 3 3.53509 0.625 0 -2.45422 -1.35903 -2.38832 0 0
0 4 9 -0.75 0.6 4.06364 4 3.48725 0.625 0 -3.38795 -1.45144 -2.79574 0 0
0 4 9 -0.75 0.6 4.06364 5 3.05704 0.5 0 -2.6423 -0.412616 -2.62846 0 0
0 4 9 -0.75 0.6 4.06364 6 3.05558 0.5 0 -2.97227 0.339213 -2.37848 0 0
0 4 9 -0.75 0.6 4.06364 7 3.04644 0.5 0 -2.08474 -1.45868 -1.88548 0 0
0 4 9 -0.75 0.6 4.06364 8 3.0464 0.5 0 -2.3488 -1.04197 -1.2513 0 0
0 4 9 -0.75 0.6 4.06364 9 3.04063 0.5 0 -2.2177 -1.66657 -1.28849 0 0
0 4 10 -0.75 0.6 4.38182 0 3.06425 0.5 0 -3.04896 -0.57998 -1.55058 0 0
0 4 10 -0.75 0.6 4.38182 1 3.03925 0.5 0 -2.95078 -0.680185 -2.82761 0 0
0 4 10 -0.75 0.6 4.38182 2 3.03902 0.5 0 -2.63871 -1.3665 -1.96354 0 0
0 4 10 -0.75 0.6 4.38182 3 3.03723 0.5 0 -2.4597 -1.58241 -1.56417 0 0
0 4 10 -0.75 0.6 4.38182 4 3.02414 0.5 0 -2.2441 -1.67468 -2.26012 0 0
0 4 10 -0.75 0.6 4.38182 5 2.96176 0.5 0 -3.31899 -2.00279 -2.606 0 0
0 4 10 -0.75 0.6 4.38182 6 2.57237 0.375 0 -3.04967 -0.247309 -1.31335 0 0
0 4 10 -0.75 0.6 4.38182 7 2.56221 0.375 0 -3.15375 -0.0245115 -1.85368 0 0
0 4 10 -0.75 0.6 4.38182 8 2.56217 0.375 0 -2.76716 -0.879756 -1.59365 0 0
0 4 10 -0.75 0.6 4.38182 9 2.54972 0.375 0 -2.91468 -0.870411 -2.16056 0 0
0 4 11 -0.75 0.6 4.7 0 2.54633 0.375 0 -3.01692 -1.20509 -1.39061 0 0
0 4 11 -0.75 0.6 4.7 1 2.5294 0.375 0 -3.48955 -0.453468 -2.05892 0 0
0 4 11 -0.75 0.6 4.7 2 2.49879 0.375 0 -3.19216 -1.968 -1.0278 0 0
0 4 11 -0.75 0.6 4.7 3 2.04697 0.25 0 -3.27017 -0.518905 -2.03319 0 0
0 4 11 -0.75 0.6 4.7 4 2.03481 0.25 0 -3.30238 -0.705045 -2.31576 0 0
0 4 11 -0.75 0.6 4.7 5 2.029 0.25 0 -3.36543 -0.88976 -2.08162 0 0
0 4 11 -0.75 0.6 4.7 6 2.02879 0.25 0 -3.34458 -1.20996 -1.38667 0 0
0 4 11 -0.75 0.6 4.7 7 2.0199 0.25 0 -3.15278 -1.25132 -2.53308 0 0
0 4 11 -0.75 0.6 4.7 8 2.01545 0.25 0 -2.93026 -0.921325 -1.63071 0 0
0 4 11 -0.75 0.6 4.7 9 2.01469 0.25 0 -2.51724 -1.86722 -1.78791 0 0
