# iy iz iroll Y Z Roll candidate quality q0 q1 q2 q3 q4 q5
0 0 0 -0.75 0.4 1.2 0 5.41919 0.875 0 -0.69201 1.43666 -1.06105 1.57 0
0 0 0 -0.75 0.4 1.2 1 5.39118 0.875 0 -0.283007 1.40407 -1.18088 1.57 0
0 0 0 -0.75 0.4 1.2 2 5.30494 0.875 0 0.148705 -1.42338 -2.40429 1.57 0
0 0 0 -0.75 0.4 1.2 3 5.21128 0.875 0 0.568873 -1.90106 -1.8486 1.57 0
0 0 0 -0.75 0.4 1.2 4 5.10337 0.875 0 0.161171 0.290066 -2.37827 1.57 0
0 0 0 -0.75 0.4 1.2 5 5.07175 0.875 0 0.777697 -2.05345 -2.14408 1.57 0
0 0 0 -0.75 0.4 1.2 6 5.05754 0.875 0 0.333417 -1.97591 -2.37372 1.57 0
0 0 0 -0.75 0.4 1.2 7 4.98592 0.875 0 0.476616 -0.212183 -1.05911 1.57 0
0 0 0 -0.75 0.4 1.2 8 4.96579 0.875 0 0.204352 -2.09297 -1.86371 1.57 0
0 0 0 -0.75 0.4 1.2 9 4.92887 0.875 0 -0.22282 -1.83932 -1.68658 1.57 0
0 0 1 -0.75 0.4 1.51818 0 5.93073 1 0 -0.461785 0.8427 -1.20218 1.57 0
0 0 1 -0.75 0.4 1.51818 1 5.91475 1 0 0.579642 -0.933899 -1.0031 1.57 0
0 0 1 -0.75 0.4 1.51818 2 5.90142 1 0 0.400881 -0.755121 -1.33069 1.57 0
0 0 1 -0.75 0.4 1.51818 3 5.88774 1 0 0.501693 -0.878665 -2.15162 1.57 0
0 0 1 -0.75 0.4 1.51818 4 5.87744 1 0 0.437094 -0.67948 -1.17342 1.57 0
0 0 1 -0.75 0.4 1.51818 5 5.87473 1 0 0.593439 -1.36911 -2.06921 1.57 0
0 0 1 -0.75 0.4 1.51818 6 5.86895 1 0 0.415065 -0.790538 -2.36813 1.57 0
0 0 1 -0.75 0.4 1.51818 7 5.86728 1 0 -0.893702 1.75665 -2.13832 1.57 0
0 0 1 -0.75 0.4 1.51818 8 5.85168 1 0 -0.705873 1.79057 -2.02916 1.57 0
0 0 1 -0.75 0.4 1.51818 9 5.79655 1 0 -0.227384 0.466374 -1.42166 1.57 0
0 0 2 -0.75 0.4 1.83636 0 4.93096 0.75 0 -0.997896 1.20426 -1.14722 1.57 0
0 0 2 -0.75 0.4 1.83636 1 4.9053 0.75 0 -0.688065 0.796878 -1.97495 1.57 0
0 0 2 -0.75 0.4 1.83636 2 4.89886 0.75 0 0.0859644 -0.85211 -1.85577 1.57 0
0 0 2 -0.75 0.4 1.83636 3 4.86193 0.75 0 0.514499 -1.60754 -1.32897 1.57 0
0 0 2 -0.75 0.4 1.83636 4 4.83263 0.75 0 -1.41439 1.65622 -1.01252 1.57 0
0 0 2 -0.75 0.4 1.83636 5 4.828 0.75 0 -1.40936 1.71845 -1.25843 1.57 0
0 0 2 -0.75 0.4 1.83636 6 4.68748 0.75 0 -0.0553224 -0.359141 -1.91917 1.57 0
0 0 2 -0.75 0.4 1.83636 7 4.64831 0.75 0 -1.18121 -1.71589 -1.65772 1.57 0
0 0 2 -0.75 0.4 1.83636 8 4.64743 0.75 0 -0.449021 0.309096 -1.49404 1.57 0
0 0 2 -0.75 0.4 1.83636 9 4.64216 0.75 0 -0.342655 0.396754 -2.23056 1.57 0
0 0 3 -0.75 0.4 2.15455 0 4.89748 0.75 0 -1.14877 1.16188 -2.03219 1.57 0
0 0 3 -0.75 0.4 2.15455 1 4.88469 0.75 0 -1.10505 1.06056 -2.22368 1.57 0
0 0 3 -0.75 0.4 2.15455 2 4.88133 0.75 0 -1.06081 0.938519 -1.95557 1.57 0
0 0 3 -0.75 0.4 2.15455 3 4.87621 0.75 0 -2.41695 -1.33087 -2.32657 1.57 0
0 0 3 -0.75 0.4 2.15455 4 4.86777 0.75 0 -1.33757 1.32606 -2.00662 1.57 0
0 0 3 -0.75 0.4 2.15455 5 4.8662 0.75 0 -1.93327 -1.50608 -2.04124 1.57 0
0 0 3 -0.75 0.4 2.15455 6 4.86514 0.75 0 -2.12035 -1.46152 -2.34941 1.57 0
0 0 3 -0.75 0.4 2.15455 7 4.85831 0.75 0 -1.07895 0.941685 -2.34598 1.57 0
0 0 3 -0.75 0.4 2.15455 8 4.84763 0.75 0 -1.47302 1.35578 -1.18117 1.57 0
0 0 3 -0.75 0.4 2.15455 9 4.82723 0.75 0 -0.991671 0.690797 -1.52081 1.57 0
0 0 4 -0.75 0.4 2.47273 0 5.88576 1 0 -2.38681 -1.20144 -2.46016 1.57 0
0 0 4 -0.75 0.4 2.47273 1 5.88227 1 0 -2.19049 -1.14492 -2.45541 1.57 0
0 0 4 -0.75 0.4 2.47273 2 5.86507 1 0 -1.96021 -1.65909 -1.55107 1.57 0
0 0 4 -0.75 0.4 2.47273 3 5.8413 1 0 -2.08112 -1.58474 -2.34953 1.57 0
0 0 4 -0.75 0.4 2.47273 4 5.82964 1 0 -1.68983 -1.4105 -2.18394 1.57 0
0 0 4 -0.75 0.4 2.47273 5 5.82823 1 0 -1.85959 -1.71679 -1.90696 1.57 0
0 0 4 -0.75 0.4 2.47273 6 5.81213 1 0 -2.117 -1.68864 -2.38268 1.57 0
0 0 4 -0.75 0.4 2.47273 7 5.80352 1 0 -1.7388 -1.66703 -2.25325 1.57 0
0 0 4 -0.75 0.4 2.47273 8 5.79361 1 0 -2.19365 -1.9064 -1.49598 1.57 0
0 0 4 -0.75 0.4 2.47273 9 5.76423 1 0 -2.30396 -1.79368 -2.39058 1.57 0
0 0 5 -0.75 0.4 2.79091 0 5.89763 1 0 -2.26744 -1.29213 -2.15339 1.57 0
0 0 5 -0.75 0.4 2.79091 1 5.88794 1 0 -2.22053 -1.56505 -1.63531 1.57 0
0 0 5 -0.75 0.4 2.79091 2 5.88339 1 0 -2.52597 -1.19744 -2.43631 1.57 0
0 0 5 -0.75 0.4 2.79091 3 5.86869 1 0 -1.95517 -1.62862 -1.60145 1.57 0
0 0 5 -0.75 0.4 2.79091 4 5.84746 1 0 -2.00419 -1.56909 -2.27206 1.57 0
0 0 5 -0.75 0.4 2.79091 5 5.83781 1 0 -1.9012 -1.65369 -2.04493 1.57 0
0 0 5 -0.75 0.4 2.79091 6 5.80379 1 0 -1.83247 -1.64698 -2.45885 1.57 0
0 0 5 -0.75 0.4 2.79091 7 5.79513 1 0 -1.57559 -1.74566 -1.52501 1.57 0
0 0 5 -0.75 0.4 2.79091 8 5.77926 1 0 -2.31998 -1.85526 -1.87902 1.57 0
0 0 5 -0.75 0.4 2.79091 9 5.77612 1 0 -2.18296 -1.99196 -1.10095 1.57 0
0 0 6 -0.75 0.4 3.10909 0 5.39489 0.875 0 -2.13529 -1.33467 -2.07911 1.57 0
0 0 6 -0.75 0.4 3.10909 1 5.34353 0.875 0 -2.02629 -1.8034 -1.23384 1.57 0
0 0 6 -0.75 0.4 3.10909 2 5.32551 0.875 0 -2.43311 -1.76324 -1.58958 1.57 0
0 0 6 -0.75 0.4 3.10909 3 5.32403 0.875 0 -2.7969 -1.60011 -1.61944 1.57 0
0 0 6 -0.75 0.4 3.10909 4 5.25147 0.875 0 -3.09153 -1.42641 -2.22531 1.57 0
0 0 6 -0.75 0.4 3.10909 5 5.13042 0.875 0 -2.00977 -2.09232 -2.28844 1.57 0
0 0 6 -0.75 0.4 3.10909 6 5.08863 0.875 0 -2.6039 -2.17646 -1.14781 1.57 0
0 0 6 -0.75 0.4 3.10909 7 4.88191 0.75 0 -2.23088 -1.47982 -2.05315 1.57 0
0 0 6 -0.75 0.4 3.10909 8 4.87093 0.75 0 -2.77938 -1.42936 -1.66758 1.57 0
0 0 6 -0.75 0.4 3.10909 9 4.86918 0.75 0 -2.80366 -1.18423 -2.27263 1.57 0
0 0 7 -0.75 0.4 3.42727 0 5.18087 0.875 0 -2.08512 -1.97073 -2.48783 1.57 0
0 0 7 -0.75 0.4 3.42727 1 5.16256 0.875 0 -2.76445 1.30546 -1.58158 1.57 0
0 0 7 -0.75 0.4 3.42727 2 4.90382 0.75 0 -2.20341 -1.26243 -2.03376 1.57 0
0 0 7 -0.75 0.4 3.42727 3 4.84334 0.75 0 -2.29788 -1.71951 -1.72179 1.57 0
0 0 7 -0.75 0.4 3.42727 4 4.806 0.75 0 -2.075 -0.749182 -2.22663 1.57 0
0 0 7 -0.75 0.4 3.42727 5 4.80165 0.75 0 -2.26666 -1.81273 -1.8768 1.57 0
0 0 7 -0.75 0.4 3.42727 6 4.76726 0.75 0 -3.17951 -0.659672 -2.45164 1.57 0
0 0 7 -0.75 0.4 3.42727 7 4.74794 0.75 0 -2.69062 1.08586 -2.47072 1.57 0
0 0 7 -0.75 0.4 3.42727 8 4.58643 0.75 0 -3.40883 -1.4758 -1.83192 1.57 0
0 0 7 -0.75 0.4 3.42727 9 4.58549 0.75 0 -3.18736 -1.71317 -1.9117 1.57 0
0 0 8 -0.75 0.4 3.74545 0 5.19171 0.875 0 -3.46382 -0.896752 -2.36198 1.57 0
0 0 8 -0.75 0.4 3.74545 1 4.88112 0.75 0 -2.6799 -1.05405 -2.39681 1.57 0
0 0 8 -0.75 0.4 3.74545 2 4.87945 0.75 0 -2.51395 -0.904622 -2.38216 1.57 0
0 0 8 -0.75 0.4 3.74545 3 4.82819 0.75 0 -3.07143 1.19487 -1.52628 1.57 0
0 0 8 -0.75 0.4 3.74545 4 4.80953 0.75 0 -3.04382 -1.20935 -2.41816 1.57 0
0 0 8 -0.75 0.4 3.74545 5 4.76003 0.75 0 -2.46337 -1.7775 -2.30401 1.57 0
0 0 8 -0.75 0.4 3.74545 6 4.69504 0.75 0 -3.33724 -1.18462 -2.47925 1.57 0
0 0 8 -0.75 0.4 3.74545 7 4.67647 0.75 0 -2.53736 -1.89951 -2.36268 1.57 0
0 0 8 -0.75 0.4 3.74545 8 4.58436 0.75 0 -3.2859 -1.61131 -1.92132 1.57 0
0 0 8 -0.75 0.4 3.74545 9 4.5585 0.75 0 -3.40385 -1.43172 -2.33323 1.57 0
0 0 9 -0.75 0.4 4.06364 0 3.80852 0.5 0 -3.23552 -0.948252 -2.06575 1.57 0
0 0 9 -0.75 0.4 4.06364 1 3.79088 0.5 0 -3.12117 0.568756 -1.50291 1.57 0
0 0 9 -0.75 0.4 4.06364 2 3.78275 0.5 0 -2.90606 -1.52796 -2.13255 1.57 0
0 0 9 -0.75 0.4 4.06364 3 3.73704 0.5 0 -3.1272 -1.37946 -2.42478 1.57 0
0 0 9 -0.75 0.4 4.06364 4 3.72698 0.5 0 -3.32434 -1.36157 -1.58172 1.57 0
0 0 9 -0.75 0.4 4.06364 5 3.59162 0.5 0 -3.58465 -0.554761 -2.441 1.57 0
0 0 9 -0.75 0.4 4.06364 6 3.41247 0.5 0 -3.78685 -0.381845 -2.39323 1.57 0
0 0 9 -0.75 0.4 4.06364 7 3.37627 0.375 0 -3.4079 1.0051 -1.4135 1.57 0
0 0 9 -0.75 0.4 4.06364 8 3.33208 0.375 0 -3.78278 1.28686 -1.05714 1.57 0
0 0 9 -0.75 0.4 4.06364 9 3.30489 0.375 0 -3.69737 1.60203 -2.25583 1.57 0
0 0 10 -0.75 0.4 4.38182 0 3.32598 0.5 0 -3.12497 -0.140421 -1.83314 1.57 0
0 0 10 -0.75 0.4 4.38182 1 3.32015 0.375 0 -3.79167 1.25549 -1.69054 1.57 0
0 0 10 -0.75 0.4 4.38182 2 3.31325 0.375 0 -3.19983 -0.892003 -2.15551 1.57 0
0 0 10 -0.75 0.4 4.38182 3 3.30635 0.375 0 -3.2316 -1.23008 -1.61739 1.57 0
0 0 10 -0.75 0.4 4.38182 4 3.28059 0.375 0 -3.28846 -1.25167 -1.57602 1.57 0
0 0 10 -0.75 0.4 4.38182 5 3.20709 0.375 0 -3.32794 -1.30919 -1.96308 1.57 0
0 0 10 -0.75 0.4 4.38182 6 3.11373 0.375 0 -3.60584 -0.866606 -2.30867 1.57 0
0 0 10 -0.75 0.4 4.38182 7 3.09422 0.375 0 -3.24191 -0.33665 -2.25922 1.57 0
0 0 10 -0.75 0.4 4.38182 8 3.03601 0.375 0 -3.24155 -1.7272 -1.9242 1.57 0
0 0 10 -0.75 0.4 4.38182 9 2.74311 0.25 0 -3.32997 -1.3003 -1.61117 1.57 0
0 0 11 -0.75 0.4 4.7 0 3.22376 0.375 0 -3.75547 0.548151 -1.14423 1.57 0
0 0 11 -0.75 0.4 4.7 1 3.15121 0.375 0 -3.59479 -0.852262 -2.01129 1.57 0
0 0 11 -0.75 0.4 4.7 2 3.14756 0.375 0 -3.54982 -0.784311 -2.37827 1.57 0
0 0 11 -0.75 0.4 4.7 3 2.85634 0.375 0 -3.63115 0.162758 -1.2027 1.57 0
0 0 11 -0.75 0.4 4.7 4 2.77288 0.375 0 -3.49132 -0.109383 -1.47732 1.57 0
0 0 11 -0.75 0.4 4.7 5 2.74792 0.25 0 -3.40497 -1.03608 -1.86699 1.57 0
0 0 11 -0.75 0.4 4.7 6 2.73363 0.375 0 -3.407 -1.8237 -2.14925 1.57 0
0 0 11 -0.75 0.4 4.7 7 2.70578 0.25 0 -3.3877 -1.07475 -2.36232 1.57 0
0 0 11 -0.75 0.4 4.7 8 2.68668 0.375 0 -3.67356 -1.65301 -1.52807 1.57 0
0 0 11 -0.75 0.4 4.7 9 2.60143 0.25 0 -3.54154 -0.455888 -2.06131 1.57 0
0 1 0 -0.75 0.45 1.2 0 5.43689 0.875 0 -0.386529 1.2508 -1.42525 1.57 0
0 1 0 -0.75 0.45 1.2 1 5.43583 0.875 0 -0.243784 1.07402 -1.39945 1.57 0
0 1 0 -0.75 0.45 1.2 2 5.38666 0.875 0 0.000954233 0.728776 -1.76974 1.57 0
0 1 0 -0.75 0.45 1.2 3 5.35331 0.875 0 0.133321 0.751688 -2.46134 1.57 0
0 1 0 -0.75 0.45 1.2 4 5.30164 0.875 0 0.802279 -0.802684 -1.11104 1.57 0
0 1 0 -0.75 0.45 1.2 5 5.23807 0.875 0 0.823358 -0.753876 -2.43432 1.57 0
0 1 0 -0.75 0.45 1.2 6 4.99387 0.875 0 -1.10047 -2.19945 -1.92993 1.57 0
0 1 0 -0.75 0.45 1.2 7 4.98755 0.875 0 0.0850483 -2.05233 -1.53577 1.57 0
0 1 0 -0.75 0.45 1.2 8 4.96135 0.875 0 0.314266 0.242507 -1.48923 1.57 0
0 1 0 -0.75 0.45 1.2 9 4.91835 0.75 0 -0.404652 1.44463 -1.98474 1.57 0
0 1 1 -0.75 0.45 1.51818 0 5.44978 0.875 0 -0.481806 1.12364 -1.38391 1.57 0
0 1 1 -0.75 0.45 1.51818 1 5.43335 0.875 0 -0.66816 1.39527 -1.39056 1.57 0
0 1 1 -0.75 0.45 1.51818 2 5.39971 0.875 0 -0.243844 0.700354 -1.58426 1.57 0
0 1 1 -0.75 0.45 1.51818 3 5.39285 0.875 0 -0.654421 1.61027 -1.49631 1.57 0
0 1 1 -0.75 0.45 1.51818 4 5.37943 0.875 0 0.69046 -1.40683 -1.65524 1.57 0
0 1 1 -0.75 0.45 1.51818 5 5.36286 0.875 0 -0.230437 0.594038 -1.40914 1.57 0
0 1 1 -0.75 0.45 1.51818 6 5.31833 0.875 0 -0.45281 1.65305 -2.4147 1.57 0
0 1 1 -0.75 0.45 1.51818 7 5.21504 0.875 0 0.407728 -1.79352 -2.21269 1.57 0
0 1 1 -0.75 0.45 1.51818 8 5.13275 0.875 0 -0.227374 -1.43301 -2.45087 1.57 0
0 1 1 -0.75 0.45 1.51818 9 5.1031 0.875 0 0.170799 -1.88041 -2.06285 1.57 0
0 1 2 -0.75 0.45 1.83636 0 4.91668 0.75 0 -0.626118 0.870691 -2.31779 1.57 0
0 1 2 -0.75 0.45 1.83636 1 4.90301 0.75 0 0.416218 -1.3662 -1.64167 1.57 0
0 1 2 -0.75 0.45 1.83636 2 4.88399 0.75 0 0.391214 -1.32808 -2.07494 1.57 0
0 1 2 -0.75 0.45 1.83636 3 4.88291 0.75 0 0.331411 -1.05362 -2.41456 1.57 0
0 1 2 -0.75 0.45 1.83636 4 4.88066 0.75 0 -1.29806 1.50374 -1.2449 1.57 0
0 1 2 -0.75 0.45 1.83636 5 4.86941 0.75 0 -0.933906 1.74812 -1.90651 1.57 0
0 1 2 -0.75 0.45 1.83636 6 4.86656 0.75 0 0.341932 -1.41965 -2.01568 1.57 0
0 1 2 -0.75 0.45 1.83636 7 4.86514 0.75 0 0.267452 -1.25112 -2.41289 1.57 0
0 1 2 -0.75 0.45 1.83636 8 4.85566 0.75 0 0.118712 -1.33901 -1.99412 1.57 0
0 1 2 -0.75 0.45 1.83636 9 4.83026 0.75 0 -0.793514 1.11279 -1.00509 1.57 0
0 1 3 -0.75 0.45 2.15455 0 4.88857 0.75 0 -1.1885 1.28804 -1.81146 1.57 0
0 1 3 -0.75 0.45 2.15455 1 4.88758 0.75 0 -1.30807 1.3249 -1.45424 1.57 0
0 1 3 -0.75 0.45 2.15455 2 4.88722 0.75 0 -1.24144 1.33018 -2.07685 1.57 0
0 1 3 -0.75 0.45 2.15455 3 4.87904 0.75 0 -1.22013 1.31303 -2.34524 1.57 0
0 1 3 -0.75 0.45 2.15455 4 4.87065 0.75 0 -2.27348 -1.45584 -2.29377 1.57 0
0 1 3 -0.75 0.45 2.15455 5 4.86695 0.75 0 -1.36607 1.20827 -1.08277 1.57 0
0 1 3 -0.75 0.45 2.15455 6 4.84652 0.75 0 -1.73999 -1.41695 -2.04232 1.57 0
0 1 3 -0.75 0.45 2.15455 7 4.84408 0.75 0 -1.92253 -1.51988 -2.35461 1.57 0
0 1 3 -0.75 0.45 2.15455 8 4.83715 0.75 0 -1.50025 1.49923 -1.64842 1.57 0
0 1 3 -0.75 0.45 2.15455 9 4.83097 0.75 0 -1.96467 -1.63661 -2.27075 1.57 0
0 1 4 -0.75 0.45 2.47273 0 5.89472 1 0 -2.0358 -1.37044 -1.8947 1.57 0
0 1 4 -0.75 0.45 2.47273 1 5.89115 1 0 -2.23721 -1.0942 -2.3105 1.57 0
0 1 4 -0.75 0.45 2.47273 2 5.86056 1 0 -2.45618 -1.4279 -2.40928 1.57 0
0 1 4 -0.75 0.45 2.47273 3 5.84616 1 0 -1.7718 -1.30142 -2.20121 1.57 0
0 1 4 -0.75 0.45 2.47273 4 5.80952 1 0 -2.12782 -1.85815 -1.59736 1.57 0
0 1 4 -0.75 0.45 2.47273 5 5.79083 1 0 -1.55246 -1.43353 -2.21752 1.57 0
0 1 4 -0.75 0.45 2.47273 6 5.76357 1 0 -1.42963 1.07914 -2.3956 1.57 0
0 1 4 -0.75 0.45 2.47273 7 5.76345 1 0 -1.67117 1.42049 -1.37895 1.57 0
0 1 4 -0.75 0.45 2.47273 8 5.75664 1 0 -1.67164 1.27296 -1.3912 1.57 0
0 1 4 -0.75 0.45 2.47273 9 5.74971 1 0 -2.07492 -2.01082 -1.48388 1.57 0
0 1 5 -0.75 0.45 2.79091 0 5.88481 1 0 -2.42201 -1.37143 -2.20112 1.57 0
0 1 5 -0.75 0.45 2.79091 1 5.87843 1 0 -2.26727 -1.60481 -1.6474 1.57 0
0 1 5 -0.75 0.45 2.79091 2 5.87718 1 0 -2.19116 -1.58083 -1.80503 1.57 0
0 1 5 -0.75 0.45 2.79091 3 5.85246 1 0 -2.46777 -1.49412 -2.32012 1.57 0
0 1 5 -0.75 0.45 2.79091 4 5.83326 1 0 -1.82543 -1.6742 -1.93544 1.57 0
0 1 5 -0.75 0.45 2.79091 5 5.8291 1 0 -2.19331 -1.85114 -1.22357 1.57 0
0 1 5 -0.75 0.45 2.79091 6 5.81218 1 0 -2.35976 -1.66393 -2.35344 1.57 0
0 1 5 -0.75 0.45 2.79091 7 5.79109 1 0 -1.57236 -1.76763 -1.48476 1.57 0
0 1 5 -0.75 0.45 2.79091 8 5.79043 1 0 -1.53794 -1.59632 -1.99858 1.57 0
0 1 5 -0.75 0.45 2.79091 9 5.78976 1 0 -1.9067 -1.92619 -1.42312 1.57 0
0 1 6 -0.75 0.45 3.10909 0 5.41074 0.875 0 -2.44518 -1.33241 -1.76821 1.57 0
0 1 6 -0.75 0.45 3.10909 1 5.38193 0.875 0 -2.6105 -1.02417 -2.44033 1.57 0
0 1 6 -0.75 0.45 3.10909 2 5.35607 0.875 0 -1.789 -1.26563 -2.02894 1.57 0
0 1 6 -0.75 0.45 3.10909 3 5.32921 0.875 0 -2.77432 -1.42757 -2.30981 1.57 0
0 1 6 -0.75 0.45 3.10909 4 5.32893 0.875 0 -2.00125 -1.73287 -1.95846 1.57 0
0 1 6 -0.75 0.45 3.10909 5 5.30337 0.875 0 -2.74457 -1.68116 -1.65173 1.57 0
0 1 6 -0.75 0.45 3.10909 6 5.2948 0.875 0 -3.00862 -1.42597 -2.04656 1.57 0
0 1 6 -0.75 0.45 3.10909 7 5.28674 0.875 0 -1.82178 -1.93484 -1.2851 1.57 0
0 1 6 -0.75 0.45 3.10909 8 5.25754 0.875 0 -1.76245 -2.01099 -1.01165 1.57 0
0 1 6 -0.75 0.45 3.10909 9 5.21407 0.875 0 -3.24989 -1.30448 -2.3505 1.57 0
0 1 7 -0.75 0.45 3.42727 0 5.37074 0.875 0 -2.66013 -1.53843 -1.53063 1.57 0
0 1 7 -0.75 0.45 3.42727 1 5.18053 0.875 0 -2.14416 -1.99729 -2.30823 1.57 0
0 1 7 -0.75 0.45 3.42727 2 5.10268 0.875 0 -2.88821 -1.95342 -1.66061 1.57 0
0 1 7 -0.75 0.45 3.42727 3 4.89595 0.875 0 -2.24773 0.514126 -2.27509 1.57 0
0 1 7 -0.75 0.45 3.42727 4 4.85975 0.75 0 -2.66066 -1.35621 -2.33667 1.57 0
0 1 7 -0.75 0.45 3.42727 5 4.81223 0.75 0 -2.00207 -1.80366 -1.87572 1.57 0
0 1 7 -0.75 0.45 3.42727 6 4.80758 0.75 0 -2.7054 -1.54455 -2.32737 1.57 0
0 1 7 -0.75 0.45 3.42727 7 4.80339 0.75 0 -2.39023 -1.74764 -2.05006 1.57 0
0 1 7 -0.75 0.45 3.42727 8 4.75678 0.75 0 -2.31452 -1.83921 -2.23316 1.57 0
0 1 7 -0.75 0.45 3.42727 9 4.72804 0.75 0 -2.95072 1.36272 -1.39385 1.57 0
0 1 8 -0.75 0.45 3.74545 0 5.14391 0.875 0 -3.41407 -1.34197 -1.91487 1.57 0
0 1 8 -0.75 0.45 3.74545 1 4.84303 0.75 0 -3.14714 1.19448 -1.46805 1.57 0
0 1 8 -0.75 0.45 3.74545 2 4.74656 0.75 0 -2.42784 -1.91516 -1.74888 1.57 0
0 1 8 -0.75 0.45 3.74545 3 4.70545 0.75 0 -3.45333 -0.911318 -2.25353 1.57 0
0 1 8 -0.75 0.45 3.74545 4 4.61672 0.75 0 -3.21999 -1.72177 -1.44731 1.57 0
0 1 8 -0.75 0.45 3.74545 5 4.39619 0.75 0 -2.39537 -0.206949 -2.25812 1.57 0
0 1 8 -0.75 0.45 3.74545 6 4.32538 0.625 0 -3.16242 1.38996 -2.10867 1.57 0
0 1 8 -0.75 0.45 3.74545 7 4.30534 0.625 0 -3.32022 1.51168 -1.6829 1.57 0
0 1 8 -0.75 0.45 3.74545 8 4.22649 0.625 0 -3.46738 1.70371 -1.16301 1.57 0
0 1 8 -0.75 0.45 3.74545 9 4.184 0.625 0 -2.40804 -1.94267 -2.27512 1.57 0
0 1 9 -0.75 0.45 4.06364 0 4.77541 0.75 0 -2.87692 -1.71199 -1.41834 1.57 0
0 1 9 -0.75 0.45 4.06364 1 4.27217 0.625 0 -3.07503 -1.38996 -2.20069 1.57 0
0 1 9 -0.75 0.45 4.06364 2 4.06882 0.625 0 -3.68537 -0.932694 -2.03851 1.57 0
0 1 9 -0.75 0.45 4.06364 3 3.97718 0.625 0 -3.25848 -1.88814 -1.3424 1.57 0
0 1 9 -0.75 0.45 4.06364 4 3.83242 0.5 0 -3.2273 0.685696 -1.28027 1.57 0
0 1 9 -0.75 0.45 4.06364 5 3.82904 0.5 0 -2.74077 -0.949142 -1.94002 1.57 0
0 1 9 -0.75 0.45 4.06364 6 3.81645 0.5 0 -2.81316 -1.5745 -1.7971 1.57 0
0 1 9 -0.75 0.45 4.06364 7 3.73862 0.5 0 -3.04828 0.477364 -2.08901 1.57 0
0 1 9 -0.75 0.45 4.06364 8 3.52219 0.5 0 -3.74731 -0.84697 -2.14728 1.57 0
0 1 9 -0.75 0.45 4.06364 9 3.2885 0.375 0 -3.71448 1.59692 -1.29648 1.57 0
0 1 10 -0.75 0.45 4.38182 0 3.85459 0.5 0 -3.693 1.04944 -2.12394 1.57 0
0 1 10 -0.75 0.45 4.38182 1 3.77084 0.5 0 -3.10684 -1.35131 -2.22796 1.57 0
0 1 10 -0.75 0.45 4.38182 2 3.60251 0.5 0 -3.45104 0.318719 -1.04582 1.57 0
0 1 10 -0.75 0.45 4.38182 3 3.476 0.5 0 -3.33201 -1.67763 -2.11987 1.57 0
0 1 10 -0.75 0.45 4.38182 4 3.34649 0.5 0 -3.271 0.128138 -1.27584 1.57 0
0 1 10 -0.75 0.45 4.38182 5 3.34359 0.375 0 -3.56645 0.875768 -1.59175 1.57 0
0 1 10 -0.75 0.45 4.38182 6 3.29846 0.375 0 -3.17733 -0.729765 -2.22474 1.57 0
0 1 10 -0.75 0.45 4.38182 7 3.25855 0.5 0 -3.50605 -1.6936 -2.35503 1.57 0
0 1 10 -0.75 0.45 4.38182 8 3.15752 0.375 0 -3.15896 -0.374645 -1.95951 1.57 0
0 1 10 -0.75 0.45 4.38182 9 3.11856 0.375 0 -3.43952 -1.49256 -1.31257 1.57 0
0 1 11 -0.75 0.45 4.7 0 3.99059 0.625 0 -3.29448 -1.89339 -1.03594 1.57 0
0 1 11 -0.75 0.45 4.7 1 3.76283 0.5 0 -3.42555 -0.887273 -1.7294 1.57 0
0 1 11 -0.75 0.45 4.7 2 3.3238 0.375 0 -3.01669 -1.54785 -1.06891 1.57 0
0 1 11 -0.75 0.45 4.7 3 3.28958 0.375 0 -3.33186 -0.969828 -1.83583 1.57 0
0 1 11 -0.75 0.45 4.7 4 3.20912 0.375 0 -2.9397 -1.43883 -2.40737 1.57 0
0 1 11 -0.75 0.45 4.7 5 3.00867 0.375 0 -3.55792 -1.3895 -1.80925 1.57 0
0 1 11 -0.75 0.45 4.7 6 2.98915 0.375 0 -3.63447 -1.26556 -1.93292 1.57 0
0 1 11 -0.75 0.45 4.7 7 2.86955 0.375 0 -3.39337 -1.72374 -2.22331 1.57 0
0 1 11 -0.75 0.45 4.7 8 2.8208 0.25 0 -2.92887 -1.61 -1.15002 1.57 0
0 1 11 -0.75 0.45 4.7 9 2.79495 0.25 0 -3.24969 -0.759504 -1.74292 1.57 0
0 2 0 -0.75 0.5 1.2 0 5.41607 0.875 0 -0.122776 1.16512 -1.50206 1.57 0
0 2 0 -0.75 0.5 1.2 1 5.30334 0.875 0 0.382805 -0.585356 -2.47777 1.57 0
0 2 0 -0.75 0.5 1.2 2 5.1343 0.875 0 0.259174 -1.8394 -2.35989 1.57 0
0 2 0 -0.75 0.5 1.2 3 4.91629 0.75 0 -0.31154 1.34064 -1.40549 1.57 0
0 2 0 -0.75 0.5 1.2 4 4.90143 0.75 0 0.00256977 0.82678 -2.1896 1.57 0
0 2 0 -0.75 0.5 1.2 5 4.89081 0.75 0 -0.100427 1.16743 -1.3734 1.57 0
0 2 0 -0.75 0.5 1.2 6 4.87873 0.75 0 -0.516537 1.63507 -1.67743 1.57 0
0 2 0 -0.75 0.5 1.2 7 4.87201 0.75 0 -0.508524 1.65197 -1.65525 1.57 0
0 2 0 -0.75 0.5 1.2 8 4.78471 0.75 0 0.82363 -1.05045 -2.48218 1.57 0
0 2 0 -0.75 0.5 1.2 9 4.74995 0.75 0 0.55295 -1.74832 -2.27344 1.57 0
0 2 1 -0.75 0.5 1.51818 0 5.43207 0.875 0 -0.64729 1.42533 -2.12478 1.57 0
0 2 1 -0.75 0.5 1.51818 1 5.40307 0.875 0 0.36331 -1.17561 -2.05586 1.57 0
0 2 1 -0.75 0.5 1.51818 2 5.39654 0.875 0 0.397762 -0.90382 -2.16149 1.57 0
0 2 1 -0.75 0.5 1.51818 3 5.39537 0.875 0 0.659999 -1.23618 -1.76895 1.57 0
0 2 1 -0.75 0.5 1.51818 4 5.39191 0.875 0 0.404922 -1.30957 -2.00013 1.57 0
0 2 1 -0.75 0.5 1.51818 5 5.39173 0.875 0 0.609368 -1.34114 -1.78962 1.57 0
0 2 1 -0.75 0.5 1.51818 6 5.37845 0.875 0 -0.714699 1.70465 -2.32024 1.57 0
0 2 1 -0.75 0.5 1.51818 7 5.36698 0.875 0 0.734244 -1.08078 -2.16695 1.57 0
0 2 1 -0.75 0.5 1.51818 8 5.35359 0.875 0 -0.77813 1.79384 -2.43438 1.57 0
0 2 1 -0.75 0.5 1.51818 9 5.3528 0.875 0 -0.248991 0.581437 -1.0293 1.57 0
0 2 2 -0.75 0.5 1.83636 0 4.93899 0.75 0 -0.856196 1.20845 -2.01864 1.57 0
0 2 2 -0.75 0.5 1.83636 1 4.93804 0.75 0 -0.885627 1.20443 -1.06712 1.57 0
0 2 2 -0.75 0.5 1.83636 2 4.92982 0.75 0 -0.822187 1.29725 -2.41791 1.57 0
0 2 2 -0.75 0.5 1.83636 3 4.92882 0.75 0 0.272294 -1.19442 -1.43212 1.57 0
0 2 2 -0.75 0.5 1.83636 4 4.90679 0.75 0 0.0868037 -0.783624 -1.47561 1.57 0
0 2 2 -0.75 0.5 1.83636 5 4.90447 0.75 0 -1.16142 1.46483 -1.37423 1.57 0
0 2 2 -0.75 0.5 1.83636 6 4.89878 0.75 0 0.429467 -1.38663 -1.66231 1.57 0
0 2 2 -0.75 0.5 1.83636 7 4.89678 0.75 0 0.38136 -1.1467 -2.20483 1.57 0
0 2 2 -0.75 0.5 1.83636 8 4.89611 0.75 0 0.0924878 -0.73357 -1.52253 1.57 0
0 2 2 -0.75 0.5 1.83636 9 4.86786 0.75 0 -0.0326929 -0.926745 -2.13095 1.57 0
0 2 3 -0.75 0.5 2.15455 0 4.89526 0.75 0 -1.17078 1.30532 -2.21298 1.57 0
0 2 3 -0.75 0.5 2.15455 1 4.88358 0.75 0 -1.1055 0.921733 -1.27155 1.57 0
0 2 3 -0.75 0.5 2.15455 2 4.86234 0.75 0 -1.32476 1.09272 -1.35522 1.57 0
0 2 3 -0.75 0.5 2.15455 3 4.85483 0.75 0 -1.81751 -1.44146 -2.1274 1.57 0
0 2 3 -0.75 0.5 2.15455 4 4.83539 0.75 0 0.338687 -1.64419 -1.48856 1.57 0
0 2 3 -0.75 0.5 2.15455 5 4.82273 0.75 0 -1.55337 1.49758 -1.54619 1.57 0
0 2 3 -0.75 0.5 2.15455 6 4.80176 0.75 0 -1.61045 -1.42931 -2.3205 1.57 0
0 2 3 -0.75 0.5 2.15455 7 4.78914 0.75 0 -1.62245 1.67181 -1.63474 1.57 0
0 2 3 -0.75 0.5 2.15455 8 4.76893 0.75 0 -0.359114 -0.74345 -2.06274 1.57 0
0 2 3 -0.75 0.5 2.15455 9 4.7579 0.75 0 -0.312454 -0.635533 -2.20393 1.57 0
0 2 4 -0.75 0.5 2.47273 0 4.88854 0.75 0 -2.02434 -1.32813 -2.06605 1.57 0
0 2 4 -0.75 0.5 2.47273 1 4.83885 0.75 0 -1.73934 -1.67027 -1.54532 1.57 0
0 2 4 -0.75 0.5 2.47273 2 4.82393 0.75 0 -1.66558 -1.65399 -1.7171 1.57 0
0 2 4 -0.75 0.5 2.47273 3 4.81429 0.75 0 -2.21055 -1.74688 -2.0841 1.57 0
0 2 4 -0.75 0.5 2.47273 4 4.80777 0.75 0 -2.10345 -1.8357 -1.76617 1.57 0
0 2 4 -0.75 0.5 2.47273 5 4.79288 0.75 0 -1.75636 -1.72028 -2.25905 1.57 0
0 2 4 -0.75 0.5 2.47273 6 4.79036 0.75 0 -1.6123 1.27823 -1.13854 1.57 0
0 2 4 -0.75 0.5 2.47273 7 4.78945 0.75 0 -1.60265 1.31769 -1.64266 1.57 0
0 2 4 -0.75 0.5 2.47273 8 4.76324 0.75 0 -1.51001 1.0623 -1.80706 1.57 0
0 2 4 -0.75 0.5 2.47273 9 4.75999 0.75 0 -1.57 -1.91189 -1.15261 1.57 0
0 2 5 -0.75 0.5 2.79091 0 5.36388 0.875 0 -2.06283 -1.51544 -2.20546 1.57 0
0 2 5 -0.75 0.5 2.79091 1 5.3581 0.875 0 -1.82038 -1.30648 -2.15563 1.57 0
0 2 5 -0.75 0.5 2.79091 2 5.33513 0.875 0 -1.70615 -1.36862 -2.15546 1.57 0
0 2 5 -0.75 0.5 2.79091 3 5.32273 0.875 0 -1.71196 -1.30556 -2.38506 1.57 0
0 2 5 -0.75 0.5 2.79091 4 5.31696 0.875 0 -1.69117 -1.54089 -2.25146 1.57 0
0 2 5 -0.75 0.5 2.79091 5 5.31405 0.875 0 -2.23847 -1.65632 -2.44795 1.57 0
0 2 5 -0.75 0.5 2.79091 6 5.31306 0.875 0 -1.94536 -1.89946 -1.08727 1.57 0
0 2 5 -0.75 0.5 2.79091 7 5.30307 0.875 0 -1.68967 -1.82868 -1.32634 1.57 0
0 2 5 -0.75 0.5 2.79091 8 5.29497 0.875 0 -2.0524 -1.88374 -1.6889 1.57 0
0 2 5 -0.75 0.5 2.79091 9 5.26475 0.875 0 -2.19132 -1.94688 -1.64904 1.57 0
0 2 6 -0.75 0.5 3.10909 0 5.41043 0.875 0 -2.51063 -1.30339 -1.78941 1.57 0
0 2 6 -0.75 0.5 3.10909 1 5.38845 0.875 0 -2.76366 -1.10512 -2.12126 1.57 0
0 2 6 -0.75 0.5 3.10909 2 5.37876 0.875 0 -2.6176 -1.23077 -2.36459 1.57 0
0 2 6 -0.75 0.5 3.10909 3 5.37106 0.875 0 -1.94568 -1.55083 -1.8389 1.57 0
0 2 6 -0.75 0.5 3.10909 4 5.34982 0.875 0 -2.15324 -1.75496 -1.48651 1.57 0
0 2 6 -0.75 0.5 3.10909 5 5.31558 0.875 0 -1.78023 -1.75455 -1.82165 1.57 0
0 2 6 -0.75 0.5 3.10909 6 5.30766 0.875 0 -1.7918 -1.78388 -1.8457 1.57 0
0 2 6 -0.75 0.5 3.10909 7 5.25909 0.875 0 -1.62307 -1.06626 -2.4148 1.57 0
0 2 6 -0.75 0.5 3.10909 8 5.22152 0.875 0 -1.52716 -1.07545 -2.31516 1.57 0
0 2 6 -0.75 0.5 3.10909 9 5.00574 0.875 0 -2.7739 1.50547 -1.1845 1.57 0
0 2 7 -0.75 0.5 3.42727 0 5.37686 0.875 0 -2.37482 -0.899106 -2.35889 1.57 0
0 2 7 -0.75 0.5 3.42727 1 5.35575 0.875 0 -2.9505 -1.05558 -2.28212 1.57 0
0 2 7 -0.75 0.5 3.42727 2 5.24986 0.875 0 -2.36992 -2.02219 -1.01293 1.57 0
0 2 7 -0.75 0.5 3.42727 3 5.08575 0.875 0 -2.28503 -2.17248 -1.8799 1.57 0
0 2 7 -0.75 0.5 3.42727 4 4.91232 0.75 0 -2.48278 -1.18715 -1.93948 1.57 0
0 2 7 -0.75 0.5 3.42727 5 4.90129 0.75 0 -2.26788 -1.06446 -2.09607 1.57 0
0 2 7 -0.75 0.5 3.42727 6 4.88419 0.75 0 -2.18095 -1.3669 -2.26152 1.57 0
0 2 7 -0.75 0.5 3.42727 7 4.86393 0.875 0 -2.10516 -0.202664 -2.13394 1.57 0
0 2 7 -0.75 0.5 3.42727 8 4.86369 0.75 0 -2.08005 -1.0172 -2.43622 1.57 0
0 2 7 -0.75 0.5 3.42727 9 4.8605 0.75 0 -2.46602 -1.46549 -2.29434 1.57 0
0 2 8 -0.75 0.5 3.74545 0 4.88662 0.75 0 -2.86538 -1.09092 -1.95915 1.57 0
0 2 8 -0.75 0.5 3.74545 1 4.8749 0.75 0 -2.91786 -0.976004 -2.07347 1.57 0
0 2 8 -0.75 0.5 3.74545 2 4.83857 0.75 0 -3.11893 -0.945566 -2.09094 1.57 0
0 2 8 -0.75 0.5 3.74545 3 4.39475 0.625 0 -2.5095 -1.31297 -2.08439 1.57 0
0 2 8 -0.75 0.5 3.74545 4 4.30396 0.625 0 -2.34701 -1.70268 -2.17528 1.57 0
0 2 8 -0.75 0.5 3.74545 5 4.30359 0.625 0 -2.59606 -1.64043 -2.20142 1.57 0
0 2 8 -0.75 0.5 3.74545 6 4.27304 0.625 0 -3.03329 -1.42546 -2.21711 1.57 0
0 2 8 -0.75 0.5 3.74545 7 4.27157 0.625 0 -2.78507 0.668174 -2.09583 1.57 0
0 2 8 -0.75 0.5 3.74545 8 4.26956 0.625 0 -3.51819 1.63211 -1.25733 1.57 0
0 2 8 -0.75 0.5 3.74545 9 4.24713 0.625 0 -2.39888 -0.521237 -2.29116 1.57 0
0 2 9 -0.75 0.5 4.06364 0 4.84768 0.75 0 -3.60701 1.39203 -1.70095 1.57 0
0 2 9 -0.75 0.5 4.06364 1 4.3476 0.625 0 -3.27752 0.728007 -1.58018 1.57 0
0 2 9 -0.75 0.5 4.06364 2 4.10533 0.625 0 -2.97365 0.32076 -1.07934 1.57 0
0 2 9 -0.75 0.5 4.06364 3 3.84975 0.5 0 -2.81889 -0.816377 -2.46709 1.57 0
0 2 9 -0.75 0.5 4.06364 4 3.82802 0.5 0 -3.62065 1.44116 -1.24738 1.57 0
0 2 9 -0.75 0.5 4.06364 5 3.80848 0.625 0 -2.8699 0.115896 -2.38721 1.57 0
0 2 9 -0.75 0.5 4.06364 6 3.76897 0.5 0 -2.90125 -0.549873 -2.4244 1.57 0
0 2 9 -0.75 0.5 4.06364 7 3.75922 0.5 0 -3.34614 -0.843901 -2.2048 1.57 0
0 2 9 -0.75 0.5 4.06364 8 3.62664 0.5 0 -3.60193 -1.01268 -1.92883 1.57 0
0 2 9 -0.75 0.5 4.06364 9 3.54364 0.5 0 -3.35169 -1.55782 -2.13412 1.57 0
0 2 10 -0.75 0.5 4.38182 0 4.32394 0.625 0 -2.65508 -1.69211 -1.54793 1.57 0
0 2 10 -0.75 0.5 4.38182 1 4.26728 0.625 0 -2.49708 -1.89922 -1.46257 1.57 0
0 2 10 -0.75 0.5 4.38182 2 3.90032 0.5 0 -2.79523 -1.19572 -1.23646 1.57 0
0 2 10 -0.75 0.5 4.38182 3 3.86321 0.5 0 -2.60318 -1.53941 -1.7784 1.57 0
0 2 10 -0.75 0.5 4.38182 4 3.85151 0.5 0 -3.67586 1.14097 -2.44959 1.57 0
0 2 10 -0.75 0.5 4.38182 5 3.83604 0.5 0 -3.09667 -1.25041 -1.758 1.57 0
0 2 10 -0.75 0.5 4.38182 6 3.828 0.5 0 -2.94732 -1.20468 -2.47971 1.57 0
0 2 10 -0.75 0.5 4.38182 7 3.82585 0.5 0 -3.60415 0.971708 -1.71272 1.57 0
0 2 10 -0.75 0.5 4.38182 8 3.82234 0.5 0 -3.22145 -0.931603 -1.93427 1.57 0
0 2 10 -0.75 0.5 4.38182 9 3.80471 0.5 0 -3.15719 -1.012 -2.40041 1.57 0
0 2 11 -0.75 0.5 4.7 0 4.23781 0.625 0 -3.2163 -1.45086 -1.68923 1.57 0
0 2 11 -0.75 0.5 4.7 1 3.71 0.5 0 -3.16363 -1.52718 -1.88615 1.57 0
0 2 11 -0.75 0.5 4.7 2 3.47639 0.5 0 -3.67659 0.257745 -1.74768 1.57 0
0 2 11 -0.75 0.5 4.7 3 3.3173 0.375 0 -2.98364 -1.27551 -2.34293 1.57 0
0 2 11 -0.75 0.5 4.7 4 3.30313 0.375 0 -3.08183 -1.22274 -2.33109 1.57 0
0 2 11 -0.75 0.5 4.7 5 3.27212 0.375 0 -3.31016 -0.723117 -2.04699 1.57 0
0 2 11 -0.75 0.5 4.7 6 3.25738 0.375 0 -2.4036 -1.98596 -1.14801 1.57 0
0 2 11 -0.75 0.5 4.7 7 3.19594 0.375 0 -2.64558 -1.97461 -1.42948 1.57 0
0 2 11 -0.75 0.5 4.7 8 3.17527 0.375 0 -3.04534 -1.64225 -2.19529 1.57 0
0 2 11 -0.75 0.5 4.7 9 3.17188 0.375 0 -3.31949 -1.5058 -1.51551 1.57 0
0 3 0 -0.75 0.55 1.2 0 5.40645 0.875 0 -0.217167 1.36983 -1.76167 1.57 0
0 3 0 -0.75 0.55 1.2 1 5.16902 0.875 0 -0.0212649 -1.65072 -2.06131 1.57 0
0 3 0 -0.75 0.55 1.2 2 4.9254 0.75 0 -0.394291 1.36386 -1.55995 1.57 0
0 3 0 -0.75 0.55 1.2 3 4.91745 0.75 0 -0.294437 1.28109 -1.19944 1.57 0
0 3 0 -0.75 0.55 1.2 4 4.87941 0.75 0 0.0355646 0.803881 -1.12063 1.57 0
0 3 0 -0.75 0.55 1.2 5 4.87452 0.75 0 0.457168 -1.26224 -2.38884 1.57 0
0 3 0 -0.75 0.55 1.2 6 4.84512 0.75 0 0.0601085 0.611215 -1.67351 1.57 0
0 3 0 -0.75 0.55 1.2 7 4.80749 0.75 0 0.0978756 0.567993 -1.01561 1.57 0
0 3 0 -0.75 0.55 1.2 8 4.80585 0.75 0 0.801409 -0.842737 -1.81706 1.57 0
0 3 0 -0.75 0.55 1.2 9 4.71081 0.75 0 0.670705 -1.88029 -2.01166 1.57 0
0 3 1 -0.75 0.55 1.51818 0 5.4413 0.875 0 -0.437481 1.12835 -1.05945 1.57 0
0 3 1 -0.75 0.55 1.51818 1 5.43852 0.875 0 -0.592644 0.91763 -1.13428 1.57 0
0 3 1 -0.75 0.55 1.51818 2 5.43671 0.875 0 -0.742796 1.4006 -1.75174 1.57 0
0 3 1 -0.75 0.55 1.51818 3 5.41531 0.875 0 -0.409306 0.75193 -1.46621 1.57 0
0 3 1 -0.75 0.55 1.51818 4 5.40879 0.875 0 0.663119 -1.0896 -1.35159 1.57 0
0 3 1 -0.75 0.55 1.51818 5 5.3968 0.875 0 -0.780347 1.57807 -1.17022 1.57 0
0 3 1 -0.75 0.55 1.51818 6 5.39104 0.875 0 0.26797 -1.12077 -2.25463 1.57 0
0 3 1 -0.75 0.55 1.51818 7 5.36548 0.875 0 0.732554 -1.23086 -2.15885 1.57 0
0 3 1 -0.75 0.55 1.51818 8 5.33756 0.875 0 -0.765604 1.74659 -1.02345 1.57 0
0 3 1 -0.75 0.55 1.51818 9 5.3348 0.875 0 0.208411 -0.643105 -2.38244 1.57 0
0 3 2 -0.75 0.55 1.83636 0 5.44453 0.875 0 -0.816439 1.26278 -1.41576 1.57 0
0 3 2 -0.75 0.55 1.83636 1 5.43868 0.875 0 -0.828054 1.07058 -1.00858 1.57 0
0 3 2 -0.75 0.55 1.83636 2 5.43016 0.875 0 -0.868609 0.985431 -1.56119 1.57 0
0 3 2 -0.75 0.55 1.83636 3 5.42741 0.875 0 0.208682 -1.03694 -1.57358 1.57 0
0 3 2 -0.75 0.55 1.83636 4 5.42355 0.875 0 0.335213 -1.11445 -1.71573 1.57 0
0 3 2 -0.75 0.55 1.83636 5 5.41926 0.875 0 0.354321 -1.29887 -1.47005 1.57 0
0 3 2 -0.75 0.55 1.83636 6 5.40121 0.875 0 0.362464 -1.42126 -1.44578 1.57 0
0 3 2 -0.75 0.55 1.83636 7 5.38891 0.875 0 -1.05496 1.61356 -2.2313 1.57 0
0 3 2 -0.75 0.55 1.83636 8 5.37596 0.875 0 0.375997 -1.36119 -2.09681 1.57 0
0 3 2 -0.75 0.55 1.83636 9 5.34543 0.875 0 0.613355 -1.63637 -1.54604 1.57 0
0 3 3 -0.75 0.55 2.15455 0 4.39131 0.625 0 -1.19101 1.23216 -2.11933 1.57 0
0 3 3 -0.75 0.55 2.15455 1 4.37205 0.625 0 -1.33125 1.52096 -1.83683 1.57 0
0 3 3 -0.75 0.55 2.15455 2 4.36687 0.625 0 -1.34396 1.39502 -2.04633 1.57 0
0 3 3 -0.75 0.55 2.15455 3 4.36163 0.625 0 -1.13661 0.864908 -1.08138 1.57 0
0 3 3 -0.75 0.55 2.15455 4 4.35732 0.625 0 -0.144986 -0.773151 -1.76735 1.57 0
0 3 3 -0.75 0.55 2.15455 5 4.3468 0.625 0 0.0596151 -1.0962 -2.08454 1.57 0
0 3 3 -0.75 0.55 2.15455 6 4.33172 0.625 0 0.162612 -1.47863 -1.89689 1.57 0
0 3 3 -0.75 0.55 2.15455 7 4.33125 0.625 0 0.288545 -1.5209 -1.06157 1.57 0
0 3 3 -0.75 0.55 2.15455 8 4.32057 0.625 0 -0.229797 -0.646407 -1.65272 1.57 0
0 3 3 -0.75 0.55 2.15455 9 4.30729 0.625 0 -1.58354 1.59992 -1.1717 1.57 0
0 3 4 -0.75 0.55 2.47273 0 4.34192 0.625 0 -1.95223 -1.64716 -2.0608 1.57 0
0 3 4 -0.75 0.55 2.47273 1 4.30738 0.625 0 -2.22007 -1.72534 -2.26269 1.57 0
0 3 4 -0.75 0.55 2.47273 2 4.2773 0.625 0 -1.97185 -1.89049 -1.90177 1.57 0
0 3 4 -0.75 0.55 2.47273 3 4.24727 0.625 0 -1.88271 -1.99397 -1.64913 1.57 0
0 3 4 -0.75 0.55 2.47273 4 4.24177 0.625 0 -1.6812 1.33306 -1.83991 1.57 0
0 3 4 -0.75 0.55 2.47273 5 4.23901 0.625 0 -1.57755 1.04032 -1.41581 1.57 0
0 3 4 -0.75 0.55 2.47273 6 4.23545 0.625 0 -1.36317 0.866377 -2.13623 1.57 0
0 3 4 -0.75 0.55 2.47273 7 4.22933 0.625 0 -2.30894 -1.89413 -2.24068 1.57 0
0 3 4 -0.75 0.55 2.47273 8 4.19961 0.625 0 -0.662395 -0.684678 -1.07028 1.57 0
0 3 4 -0.75 0.55 2.47273 9 4.19956 0.625 0 -1.59935 0.963133 -1.26661 1.57 0
0 3 5 -0.75 0.55 2.79091 0 5.40199 0.875 0 -2.12613 -1.33192 -1.91568 1.57 0
0 3 5 -0.75 0.55 2.79091 1 5.31873 0.875 0 -2.37251 -1.61498 -2.45254 1.57 0
0 3 5 -0.75 0.55 2.79091 2 5.31556 0.875 0 -1.63038 -1.53435 -2.07029 1.57 0
0 3 5 -0.75 0.55 2.79091 3 5.30843 0.875 0 -1.61351 -1.61141 -1.97368 1.57 0
0 3 5 -0.75 0.55 2.79091 4 5.29651 0.875 0 -1.67029 -1.16103 -2.40916 1.57 0
0 3 5 -0.75 0.55 2.79091 5 5.26098 0.875 0 -1.81139 -1.8791 -2.08611 1.57 0
0 3 5 -0.75 0.55 2.79091 6 5.25017 0.875 0 -1.46292 -1.34 -2.26347 1.57 0
0 3 5 -0.75 0.55 2.79091 7 5.23385 0.875 0 -1.89527 -1.90665 -2.30704 1.57 0
0 3 5 -0.75 0.55 2.79091 8 5.2332 0.875 0 -1.46215 -1.65212 -2.4374 1.57 0
0 3 5 -0.75 0.55 2.79091 9 5.2032 0.875 0 -1.78236 -1.99659 -2.12497 1.57 0
0 3 6 -0.75 0.55 3.10909 0 5.35004 0.875 0 -1.92125 -1.13819 -2.48003 1.57 0
0 3 6 -0.75 0.55 3.10909 1 5.32901 0.875 0 -2.54999 -1.61011 -2.0958 1.57 0
0 3 6 -0.75 0.55 3.10909 2 5.3258 0.875 0 -1.6435 -1.44726 -2.01995 1.57 0
0 3 6 -0.75 0.55 3.10909 3 5.30243 0.875 0 -1.53146 -1.49761 -1.72406 1.57 0
0 3 6 -0.75 0.55 3.10909 4 5.2973 0.875 0 -2.71408 -1.54203 -2.44686 1.57 0
0 3 6 -0.75 0.55 3.10909 5 5.25553 0.875 0 -1.85674 -1.90789 -2.04264 1.57 0
0 3 6 -0.75 0.55 3.10909 6 5.20849 0.875 0 -1.54136 -2.03461 -1.3552 1.57 0
0 3 6 -0.75 0.55 3.10909 7 5.20513 0.875 0 -1.61077 -0.929617 -2.47858 1.57 0
0 3 6 -0.75 0.55 3.10909 8 5.17091 0.875 0 -1.84361 -2.08193 -1.99669 1.57 0
0 3 6 -0.75 0.55 3.10909 9 5.15747 0.875 0 -2.29602 -2.00253 -2.33662 1.57 0
0 3 7 -0.75 0.55 3.42727 0 5.34717 0.875 0 -2.26544 -1.5841 -2.25591 1.57 0
0 3 7 -0.75 0.55 3.42727 1 5.29078 0.875 0 -2.09833 -0.694789 -2.14888 1.57 0
0 3 7 -0.75 0.55 3.42727 2 5.19965 0.875 0 -3.32678 1.70081 -1.21347 1.57 0
0 3 7 -0.75 0.55 3.42727 3 4.90274 0.75 0 -2.15242 -1.42482 -1.74366 1.57 0
0 3 7 -0.75 0.55 3.42727 4 4.86554 0.75 0 -2.27845 -1.48368 -2.29721 1.57 0
0 3 7 -0.75 0.55 3.42727 5 4.85934 0.75 0 -2.65475 -1.5803 -1.55215 1.57 0
0 3 7 -0.75 0.55 3.42727 6 4.83808 0.75 0 -2.35447 -1.63304 -2.1433 1.57 0
0 3 7 -0.75 0.55 3.42727 7 4.83284 0.75 0 -2.64339 -1.47341 -2.39268 1.57 0
0 3 7 -0.75 0.55 3.42727 8 4.80036 0.875 0 -2.23091 0.188027 -1.08064 1.57 0
0 3 7 -0.75 0.55 3.42727 9 4.78125 0.75 0 -3.16814 -0.662796 -2.29562 1.57 0
0 3 8 -0.75 0.55 3.74545 0 5.26632 0.875 0 -3.14699 -0.636052 -2.47205 1.57 0
0 3 8 -0.75 0.55 3.74545 1 4.90378 0.75 0 -2.66494 -1.03323 -1.99183 1.57 0
0 3 8 -0.75 0.55 3.74545 2 4.87976 0.75 0 -2.46889 -0.804524 -1.98357 1.57 0
0 3 8 -0.75 0.55 3.74545 3 4.87098 0.75 0 -2.26445 -1.71523 -1.15401 1.57 0
0 3 8 -0.75 0.55 3.74545 4 4.83116 0.75 0 -2.42001 -0.695986 -2.33113 1.57 0
0 3 8 -0.75 0.55 3.74545 5 4.8183 0.75 0 -3.10868 1.35987 -2.00329 1.57 0
0 3 8 -0.75 0.55 3.74545 6 4.81006 0.75 0 -1.97309 -1.71061 -2.29739 1.57 0
0 3 8 -0.75 0.55 3.74545 7 4.65047 0.75 0 -2.77074 -1.90342 -1.95043 1.57 0
0 3 8 -0.75 0.55 3.74545 8 4.36971 0.625 0 -2.39809 -1.53255 -2.00496 1.57 0
0 3 8 -0.75 0.55 3.74545 9 4.34553 0.625 0 -2.45543 -1.5905 -2.08808 1.57 0
0 3 9 -0.75 0.55 4.06364 0 4.90252 0.75 0 -2.41243 -1.36369 -1.90176 1.57 0
0 3 9 -0.75 0.55 4.06364 1 4.625 0.75 0 -3.63921 -0.771162 -2.03066 1.57 0
0 3 9 -0.75 0.55 4.06364 2 4.62131 0.75 0 -2.6773 -0.315553 -1.48686 1.57 0
0 3 9 -0.75 0.55 4.06364 3 4.61334 0.75 0 -3.08088 -1.69855 -2.31164 1.57 0
0 3 9 -0.75 0.55 4.06364 4 4.40031 0.625 0 -2.53049 -0.942863 -2.04559 1.57 0
0 3 9 -0.75 0.55 4.06364 5 4.37087 0.625 0 -3.46214 1.11308 -1.23617 1.57 0
0 3 9 -0.75 0.55 4.06364 6 4.30958 0.625 0 -2.96703 -0.642435 -2.24118 1.57 0
0 3 9 -0.75 0.55 4.06364 7 4.30919 0.625 0 -2.37287 -1.70489 -2.19968 1.57 0
0 3 9 -0.75 0.55 4.06364 8 4.29068 0.625 0 -3.26008 -0.939458 -2.19925 1.57 0
0 3 9 -0.75 0.55 4.06364 9 4.28044 0.625 0 -3.41263 1.3169 -2.10935 1.57 0
0 3 10 -0.75 0.55 4.38182 0 4.40754 0.625 0 -2.69853 -1.26937 -1.63551 1.57 0
0 3 10 -0.75 0.55 4.38182 1 4.38487 0.625 0 -2.92842 -1.3284 -1.2911 1.57 0
0 3 10 -0.75 0.55 4.38182 2 4.37926 0.625 0 -2.4111 -1.55236 -1.74617 1.57 0
0 3 10 -0.75 0.55 4.38182 3 4.32061 0.625 0 -3.10808 -0.696458 -1.97544 1.57 0
0 3 10 -0.75 0.55 4.38182 4 4.22514 0.625 0 -3.37529 -0.84343 -2.48608 1.57 0
0 3 10 -0.75 0.55 4.38182 5 4.06677 0.625 0 -3.35148 0.279859 -1.74715 1.57 0
0 3 10 -0.75 0.55 4.38182 6 3.88424 0.625 0 -3.71896 -1.21765 -2.21119 1.57 0
0 3 10 -0.75 0.55 4.38182 7 3.88098 0.5 0 -2.88822 -1.2795 -1.66845 1.57 0
0 3 10 -0.75 0.55 4.38182 8 3.87034 0.5 0 -3.03919 -1.17418 -1.61249 1.57 0
0 3 10 -0.75 0.55 4.38182 9 3.78517 0.5 0 -3.49942 0.576045 -1.27569 1.57 0
0 3 11 -0.75 0.55 4.7 0 3.29194 0.375 0 -3.21155 -1.35485 -1.48409 1.57 0
0 3 11 -0.75 0.55 4.7 1 2.84905 0.25 0 -2.894 -1.22152 -2.29923 1.57 0
0 3 11 -0.75 0.55 4.7 2 2.68948 0.25 0 -2.02855 -2.15165 -1.18984 1.57 0
0 3 11 -0.75 0.55 4.7 3 2.666 0.25 0 -3.12152 -1.67026 -1.78543 1.57 0
0 3 11 -0.75 0.55 4.7 4 2.47666 0.25 0 -3.37226 -1.58503 -2.433 1.57 0
0 3 11 -0.75 0.55 4.7 5 2.43025 0.25 0 -3.7439 -1.24368 -1.56943 1.57 0
0 3 11 -0.75 0.55 4.7 6 2.42024 0.25 0 -3.58975 -0.251094 -2.16498 1.57 0
0 3 11 -0.75 0.55 4.7 7 2.37221 0.125 0 -2.70266 -1.58003 -1.16074 1.57 0
0 3 11 -0.75 0.55 4.7 8 2.36083 0.125 0 -2.58984 -1.63712 -1.37927 1.57 0
0 3 11 -0.75 0.55 4.7 9 2.33009 0.125 0 -2.63219 -1.76147 -1.05556 1.57 0
0 4 0 -0.75 0.6 1.2 0 5.41484 0.875 0 -0.0559134 0.937708 -1.49019 1.57 0
0 4 0 -0.75 0.6 1.2 1 5.38929 0.875 0 -0.0509509 1.34756 -2.3859 1.57 0
0 4 0 -0.75 0.6 1.2 2 5.35423 0.875 0 0.602895 -0.772486 -2.17379 1.57 0
0 4 0 -0.75 0.6 1.2 3 5.32112 0.875 0 -0.381538 1.68694 -1.27037 1.57 0
0 4 0 -0.75 0.6 1.2 4 5.15527 0.875 0 0.780602 -1.99634 -1.66906 1.57 0
0 4 0 -0.75 0.6 1.2 5 5.1237 0.875 0 0.495636 -2.01205 -1.89488 1.57 0
0 4 0 -0.75 0.6 1.2 6 4.93847 0.875 0 0.463677 -2.10879 -2.35261 1.57 0
0 4 0 -0.75 0.6 1.2 7 4.90795 0.75 0 0.0273713 0.971922 -2.19634 1.57 0
0 4 0 -0.75 0.6 1.2 8 4.87499 0.75 0 -0.136689 0.661752 -1.07827 1.57 0
0 4 0 -0.75 0.6 1.2 9 4.86173 0.75 0 0.032859 0.678362 -1.24059 1.57 0
0 4 1 -0.75 0.6 1.51818 0 5.44877 0.875 0 -0.513833 1.17381 -1.37594 1.57 0
0 4 1 -0.75 0.6 1.51818 1 5.41128 0.875 0 0.517145 -1.19962 -1.79923 1.57 0
0 4 1 -0.75 0.6 1.51818 2 5.4092 0.875 0 0.666402 -1.29403 -1.12449 1.57 0
0 4 1 -0.75 0.6 1.51818 3 5.40261 0.875 0 -0.654209 1.60197 -2.13547 1.57 0
0 4 1 -0.75 0.6 1.51818 4 5.38438 0.875 0 0.668794 -1.15021 -2.06087 1.57 0
0 4 1 -0.75 0.6 1.51818 5 5.36382 0.875 0 -1.07705 1.71378 -1.29714 1.57 0
0 4 1 -0.75 0.6 1.51818 6 5.3638 0.875 0 -0.745458 1.75863 -1.95343 1.57 0
0 4 1 -0.75 0.6 1.51818 7 5.36243 0.875 0 0.347345 -0.757334 -2.41546 1.57 0
0 4 1 -0.75 0.6 1.51818 8 5.35781 0.875 0 -0.23641 0.583366 -1.79353 1.57 0
0 4 1 -0.75 0.6 1.51818 9 5.27876 0.875 0 0.768019 -1.74132 -1.71217 1.57 0
0 4 2 -0.75 0.6 1.83636 0 5.43631 0.875 0 -0.94517 1.26534 -1.74592 1.57 0
0 4 2 -0.75 0.6 1.83636 1 5.43164 0.875 0 0.224524 -0.948048 -1.41968 1.57 0
0 4 2 -0.75 0.6 1.83636 2 5.4245 0.875 0 -0.838031 1.37296 -2.44601 1.57 0
0 4 2 -0.75 0.6 1.83636 3 5.42252 0.875 0 0.216736 -1.08644 -1.66717 1.57 0
0 4 2 -0.75 0.6 1.83636 4 5.40236 0.875 0 -1.0521 1.56735 -1.65965 1.57 0
0 4 2 -0.75 0.6 1.83636 5 5.36193 0.875 0 -1.01207 1.7591 -1.66173 1.57 0
0 4 2 -0.75 0.6 1.83636 6 5.36116 0.875 0 -1.06449 1.76117 -1.95771 1.57 0
0 4 2 -0.75 0.6 1.83636 7 5.21203 0.875 0 -0.264566 -1.22843 -2.36926 1.57 0
0 4 2 -0.75 0.6 1.83636 8 5.18209 0.875 0 0.710154 -2.01875 -1.44107 1.57 0
0 4 2 -0.75 0.6 1.83636 9 5.16756 0.875 0 -1.28257 -1.46825 -2.39117 1.57 0
0 4 3 -0.75 0.6 2.15455 0 4.40854 0.625 0 -1.16965 1.18081 -1.34003 1.57 0
0 4 3 -0.75 0.6 2.15455 1 4.39707 0.625 0 -1.249 1.25424 -1.46382 1.57 0
0 4 3 -0.75 0.6 2.15455 2 4.39231 0.625 0 -1.00837 0.936208 -1.95189 1.57 0
0 4 3 -0.75 0.6 2.15455 3 4.38948 0.625 0 0.0503781 -1.00236 -2.01582 1.57 0
0 4 3 -0.75 0.6 2.15455 4 4.38008 0.625 0 -1.02278 0.881339 -1.82396 1.57 0
0 4 3 -0.75 0.6 2.15455 5 4.37068 0.625 0 -1.26372 1.43235 -2.36353 1.57 0
0 4 3 -0.75 0.6 2.15455 6 4.37038 0.625 0 -1.23973 1.34165 -2.44678 1.57 0
0 4 3 -0.75 0.6 2.15455 7 4.35896 0.625 0 -0.97682 0.746622 -1.07219 1.57 0
0 4 3 -0.75 0.6 2.15455 8 4.35846 0.625 0 -1.17132 1.27883 -1.12734 1.57 0
0 4 3 -0.75 0.6 2.15455 9 4.35733 0.625 0 -1.33965 1.5404 -2.2081 1.57 0
0 4 4 -0.75 0.6 2.47273 0 4.28474 0.625 0 -1.66129 1.60035 -1.40335 1.57 0
0 4 4 -0.75 0.6 2.47273 1 4.27122 0.625 0 -1.65348 1.59812 -1.98061 1.57 0
0 4 4 -0.75 0.6 2.47273 2 4.26808 0.625 0 -1.64305 1.74682 -1.85642 1.57 0
0 4 4 -0.75 0.6 2.47273 3 4.24286 0.625 0 -0.543223 -0.779213 -1.38963 1.57 0
0 4 4 -0.75 0.6 2.47273 4 4.23947 0.625 0 -2.25622 -1.90459 -2.13138 1.57 0
0 4 4 -0.75 0.6 2.47273 5 4.22765 0.625 0 -1.73819 1.52381 -1.9987 1.57 0
0 4 4 -0.75 0.6 2.47273 6 4.21472 0.625 0 -1.33221 -1.64099 -2.05266 1.57 0
0 4 4 -0.75 0.6 2.47273 7 4.20576 0.625 0 -1.39163 -1.89123 -1.80332 1.57 0
0 4 4 -0.75 0.6 2.47273 8 4.19151 0.625 0 -1.29068 -1.55085 -2.15218 1.57 0
0 4 4 -0.75 0.6 2.47273 9 4.19083 0.625 0 -2.19335 -1.98672 -2.22915 1.57 0
0 4 5 -0.75 0.6 2.79091 0 5.36987 0.875 0 -2.04267 -1.12078 -2.42559 1.57 0
0 4 5 -0.75 0.6 2.79091 1 5.34154 0.875 0 -1.86662 -1.67129 -1.86575 1.57 0
0 4 5 -0.75 0.6 2.79091 2 5.32784 0.875 0 -2.2436 -1.60945 -2.44118 1.57 0
0 4 5 -0.75 0.6 2.79091 3 5.32155 0.875 0 -1.68816 -1.693 -1.71043 1.57 0
0 4 5 -0.75 0.6 2.79091 4 5.19846 0.875 0 -1.7015 -2.08662 -1.52212 1.57 0
0 4 5 -0.75 0.6 2.79091 5 5.19623 0.875 0 -1.29875 -1.72505 -2.01124 1.57 0
0 4 5 -0.75 0.6 2.79091 6 5.15062 0.875 0 -1.1915 -1.63729 -1.8512 1.57 0
0 4 5 -0.75 0.6 2.79091 7 5.13064 0.875 0 -1.48167 -2.11315 -1.90244 1.57 0
0 4 5 -0.75 0.6 2.79091 8 5.12822 0.875 0 -1.8642 -2.10586 -2.25886 1.57 0
0 4 5 -0.75 0.6 2.79091 9 5.10979 0.875 0 -1.13347 -1.6085 -1.94965 1.57 0
0 4 6 -0.75 0.6 3.10909 0 5.39117 0.875 0 -2.15737 -1.39348 -2.07412 1.57 0
0 4 6 -0.75 0.6 3.10909 1 5.37855 0.875 0 -2.50426 -1.45493 -2.00172 1.57 0
0 4 6 -0.75 0.6 3.10909 2 5.37182 0.875 0 -2.07581 -1.59418 -1.81814 1.57 0
0 4 6 -0.75 0.6 3.10909 3 5.35726 0.875 0 -2.27801 -1.46466 -2.46897 1.57 0
0 4 6 -0.75 0.6 3.10909 4 5.31448 0.875 0 -2.27813 -1.66745 -2.37467 1.57 0
0 4 6 -0.75 0.6 3.10909 5 5.2991 0.875 0 -2.57098 -1.67786 -2.13836 1.57 0
0 4 6 -0.75 0.6 3.10909 6 5.2906 0.875 0 -2.24531 -1.8541 -1.81837 1.57 0
0 4 6 -0.75 0.6 3.10909 7 5.27904 0.875 0 -1.79156 -1.7265 -2.45752 1.57 0
0 4 6 -0.75 0.6 3.10909 8 5.2637 0.875 0 -1.69335 -1.73922 -2.45046 1.57 0
0 4 6 -0.75 0.6 3.10909 9 5.22255 0.875 0 -1.46205 -1.92205 -1.64197 1.57 0
0 4 7 -0.75 0.6 3.42727 0 5.38448 0.875 0 -1.90913 -1.4219 -1.73414 1.57 0
0 4 7 -0.75 0.6 3.42727 1 5.21314 0.875 0 -1.98283 -2.08207 -1.49055 1.57 0
0 4 7 -0.75 0.6 3.42727 2 5.16964 0.875 0 -3.10431 -1.5691 -2.37533 1.57 0
0 4 7 -0.75 0.6 3.42727 3 5.16219 0.875 0 -1.42996 -1.46945 -1.58318 1.57 0
0 4 7 -0.75 0.6 3.42727 4 4.88771 0.75 0 -2.1154 -1.11163 -2.21951 1.57 0
0 4 7 -0.75 0.6 3.42727 5 4.8714 0.75 0 -2.64567 -1.42229 -1.99409 1.57 0
0 4 7 -0.75 0.6 3.42727 6 4.82616 0.75 0 -1.67088 -1.59614 -1.88963 1.57 0
0 4 7 -0.75 0.6 3.42727 7 4.79722 0.75 0 -1.86861 -1.90901 -1.35349 1.57 0
0 4 7 -0.75 0.6 3.42727 8 4.78067 0.75 0 -1.51893 -1.43928 -1.69064 1.57 0
0 4 7 -0.75 0.6 3.42727 9 4.70172 0.75 0 -3.13492 -1.48861 -2.29275 1.57 0
0 4 8 -0.75 0.6 3.74545 0 5.32604 0.875 0 -2.15398 -0.726795 -1.56705 1.57 0
0 4 8 -0.75 0.6 3.74545 1 5.30577 0.875 0 -2.82938 0.813941 -2.38657 1.57 0
0 4 8 -0.75 0.6 3.74545 2 5.24867 0.875 0 -3.24972 1.69041 -2.32005 1.57 0
0 4 8 -0.75 0.6 3.74545 3 4.91791 0.75 0 -2.52351 -1.22228 -1.74225 1.57 0
0 4 8 -0.75 0.6 3.74545 4 4.89708 0.75 0 -1.97172 -1.49385 -1.20906 1.57 0
0 4 8 -0.75 0.6 3.74545 5 4.89247 0.75 0 -1.96583 -1.54268 -1.09058 1.57 0
0 4 8 -0.75 0.6 3.74545 6 4.889 0.75 0 -2.3832 -1.10898 -2.43506 1.57 0
0 4 8 -0.75 0.6 3.74545 7 4.88047 0.75 0 -2.30333 -1.65231 -1.32088 1.57 0
0 4 8 -0.75 0.6 3.74545 8 4.82757 0.75 0 -2.96454 -1.43058 -1.75917 1.57 0
0 4 8 -0.75 0.6 3.74545 9 4.79737 0.75 0 -1.96529 -1.1696 -1.73954 1.57 0
0 4 9 -0.75 0.6 4.06364 0 4.90122 0.75 0 -2.35802 -1.13846 -2.21349 1.57 0
0 4 9 -0.75 0.6 4.06364 1 4.85687 0.75 0 -3.60879 1.32771 -1.76631 1.57 0
0 4 9 -0.75 0.6 4.06364 2 4.82944 0.75 0 -3.19771 -1.12832 -1.71567 1.57 0
0 4 9 -0.75 0.6 4.06364 3 4.76458 0.75 0 -2.95365 -1.59871 -1.84891 1.57 0
0 4 9 -0.75 0.6 4.06364 4 4.74517 0.75 0 -3.38607 -1.05528 -1.96954 1.57 0
0 4 9 -0.75 0.6 4.06364 5 4.41942 0.625 0 -2.28051 -1.41004 -1.33441 1.57 0
0 4 9 -0.75 0.6 4.06364 6 4.40906 0.625 0 -2.63473 -1.32397 -1.5804 1.57 0
0 4 9 -0.75 0.6 4.06364 7 4.36491 0.625 0 -2.40512 -1.46333 -2.29426 1.57 0
0 4 9 -0.75 0.6 4.06364 8 4.35813 0.625 0 -3.56478 1.28168 -1.35787 1.57 0
0 4 9 -0.75 0.6 4.06364 9 4.35065 0.625 0 -3.62179 1.37513 -2.08288 1.57 0
0 4 10 -0.75 0.6 4.38182 0 3.87585 0.5 0 -2.93046 -1.1438 -1.91733 1.57 0
0 4 10 -0.75 0.6 4.38182 1 3.80933 0.5 0 -3.15618 -0.691564 -1.99723 1.57 0
0 4 10 -0.75 0.6 4.38182 2 3.7677 0.5 0 -2.35058 -1.93318 -1.50288 1.57 0
0 4 10 -0.75 0.6 4.38182 3 3.76141 0.5 0 -2.88326 -0.524526 -2.36264 1.57 0
0 4 10 -0.75 0.6 4.38182 4 3.69189 0.5 0 -3.16704 -1.71957 -1.06028 1.57 0
0 4 10 -0.75 0.6 4.38182 5 3.42141 0.375 0 -2.77266 -1.06923 -1.3318 1.57 0
0 4 10 -0.75 0.6 4.38182 6 3.40011 0.375 0 -2.77758 -0.847643 -1.53468 1.57 0
0 4 10 -0.75 0.6 4.38182 7 3.39374 0.375 0 -2.40791 -1.53956 -1.496 1.57 0
0 4 10 -0.75 0.6 4.38182 8 3.35891 0.375 0 -2.95456 -0.781732 -1.96382 1.57 0
0 4 10 -0.75 0.6 4.38182 9 3.35872 0.375 0 -3.70762 1.0926 -1.55175 1.57 0
0 4 11 -0.75 0.6 4.7 0 3.80823 0.5 0 -3.02701 -1.37294 -2.00855 1.57 0
0 4 11 -0.75 0.6 4.7 1 3.58206 0.5 0 -3.66687 -1.05682 -1.73738 1.57 0
0 4 11 -0.75 0.6 4.7 2 3.32745 0.375 0 -3.13814 -1.17693 -1.89935 1.57 0
0 4 11 -0.75 0.6 4.7 3 3.19357 0.375 0 -2.10569 -2.14251 -1.15605 1.57 0
0 4 11 -0.75 0.6 4.7 4 3.18318 0.375 0 -3.44821 -1.22374 -1.78817 1.57 0
0 4 11 -0.75 0.6 4.7 5 3.15109 0.375 0 -3.31373 -0.370573 -1.23771 1.57 0
0 4 11 -0.75 0.6 4.7 6 3.14166 0.375 0 -3.07375 -1.769 -1.67902 1.57 0
0 4 11 -0.75 0.6 4.7 7 2.8929 0.25 0 -2.83421 -1.15025 -1.85 1.57 0
0 4 11 -0.75 0.6 4.7 8 2.87064 0.25 0 -3.00069 -1.13578 -1.80892 1.57 0
0 4 11 -0.75 0.6 4.7 9 2.80943 0.25 0 -3.06985 -1.53411 -1.12911 1.57 0
